128 128
68 14 82 59 47 71 85 6 53 25 92 75 80 99 52 47 36 59 47 66 15 69 42 23 14 22 14 65 91 93 2 78 67 81 77 0 52 93 81 96 68 38 72 26 6 71 71 12 51 81 93 63 4 41 29 35 23 18 41 60 76 91 98 13 83 42 57 42 87 16 29 59 41 13 98 78 83 33 34 23 12 17 50 86 66 80 2 38 40 2 43 74 54 86 29 37 6 20 25 16 89 89 39 78 91 51 49 96 60 50 37 87 68 17 70 15 53 55 87 56 20 38 56 84 58 85 13 47 
90 94 89 86 53 7 80 11 78 54 17 71 96 97 88 38 29 56 84 51 28 98 17 88 83 6 8 45 40 65 24 10 22 90 69 80 73 91 56 44 58 52 31 67 84 95 67 66 45 65 52 85 53 80 64 71 98 54 24 93 67 10 32 53 79 34 62 79 27 88 23 90 68 23 26 64 88 79 38 39 87 62 87 26 45 49 72 97 39 62 88 29 76 55 75 59 23 16 44 62 11 79 65 73 98 93 35 51 15 10 41 91 3 58 8 72 91 14 41 42 80 74 39 27 11 37 3 49 
68 55 34 37 46 3 26 69 70 44 69 59 26 75 91 28 65 28 44 1 33 63 7 53 99 30 69 6 63 95 13 51 92 78 40 73 88 33 62 73 31 42 57 8 65 43 66 32 1 18 17 4 95 99 85 36 86 10 95 39 97 37 65 44 77 3 79 52 97 21 16 34 13 62 86 19 27 50 40 57 39 47 6 14 7 63 53 1 0 98 40 48 25 97 27 70 82 37 54 93 88 50 74 12 12 3 56 62 9 31 63 87 80 63 97 9 43 6 81 17 26 42 92 48 66 4 7 43 
51 16 73 21 6 48 30 83 20 3 23 76 27 94 85 92 39 29 26 52 19 69 87 71 42 26 68 39 61 9 8 36 17 80 29 34 22 16 21 6 90 9 69 30 84 88 23 18 60 75 97 88 69 47 9 89 82 23 7 81 70 65 84 72 58 73 57 11 5 70 12 59 40 81 35 66 5 13 77 98 43 80 99 50 3 17 8 45 60 23 14 7 72 3 1 85 80 79 18 84 19 21 61 88 68 50 71 47 1 20 31 8 60 96 40 11 9 50 52 56 34 95 36 8 36 29 9 25 
89 1 95 57 92 57 77 29 61 90 72 29 78 1 61 16 19 43 82 86 41 87 13 5 31 20 94 25 81 11 18 5 91 57 16 47 71 48 24 12 51 52 71 76 9 38 79 33 73 13 4 8 36 96 7 42 23 92 35 44 69 82 85 41 29 18 14 25 24 79 42 51 58 20 51 9 5 64 33 25 80 54 51 28 85 43 42 25 59 64 55 67 45 37 11 49 56 25 37 60 9 1 82 44 71 78 41 23 44 50 30 54 50 22 25 94 18 7 10 31 85 17 83 69 80 45 26 80 
86 48 87 74 64 71 62 9 28 34 84 26 7 9 76 92 6 49 98 62 48 38 30 8 99 33 26 39 96 66 15 91 81 16 10 21 74 84 17 2 11 20 36 55 18 56 49 81 64 47 68 89 35 20 64 56 8 26 52 56 82 7 66 94 31 85 54 80 26 29 90 13 23 4 6 57 88 52 78 19 85 5 62 81 46 31 86 34 92 30 10 0 70 4 98 65 46 95 58 12 57 97 6 8 60 50 53 92 26 0 44 27 59 85 97 61 6 0 57 59 75 31 48 55 31 99 45 11 
9 50 14 88 15 61 90 16 6 18 33 77 83 26 49 57 44 68 3 70 18 65 62 27 89 92 60 74 38 17 82 54 36 86 51 16 7 96 16 13 50 12 67 10 80 50 22 37 38 38 68 82 44 30 11 18 51 48 97 8 46 8 64 28 48 72 88 12 50 48 9 91 6 92 31 21 13 9 67 30 67 63 15 20 45 10 1 36 75 53 48 97 96 84 48 38 95 42 58 61 36 57 13 77 4 10 31 98 90 70 52 94 98 32 28 28 96 2 8 76 11 46 71 57 32 76 27 79 
47 17 76 6 64 68 24 52 99 47 70 55 46 74 8 31 68 63 3 46 91 65 48 75 66 70 18 97 29 21 7 73 87 46 90 3 7 13 86 4 87 29 21 34 1 85 5 98 35 86 38 75 75 36 80 41 40 99 95 76 68 82 21 58 63 47 1 40 57 91 42 25 44 93 90 50 29 26 34 6 13 55 46 74 95 22 14 22 1 88 76 30 81 4 69 7 63 14 60 66 21 90 78 59 74 31 65 32 24 14 26 93 52 99 85 76 85 0 61 41 85 17 93 60 16 79 43 96 
19 73 87 48 24 24 73 93 81 36 32 31 83 76 31 1 22 43 38 35 94 57 4 35 25 2 73 73 76 69 31 84 8 9 11 30 14 26 38 32 90 22 74 83 89 16 67 63 90 93 94 13 9 90 45 48 92 30 29 81 17 37 5 21 20 87 28 25 90 74 42 32 0 95 56 28 51 71 35 42 84 95 68 74 40 3 70 84 93 23 19 28 77 65 92 93 29 37 49 0 77 36 74 17 91 61 80 66 45 61 71 44 73 23 4 20 24 35 12 63 22 36 70 51 42 9 30 9 
82 1 94 3 51 79 48 42 7 69 22 6 70 77 91 71 15 63 55 13 88 66 7 88 95 69 27 13 33 70 93 76 27 30 43 30 91 40 33 5 84 52 49 83 99 72 35 36 44 54 9 52 65 1 15 12 66 14 56 2 5 56 75 60 76 91 22 30 30 42 49 48 70 88 69 42 96 81 99 59 47 55 40 1 47 96 28 67 20 31 77 27 7 22 70 79 58 46 92 6 95 6 72 47 38 31 98 93 80 45 23 88 96 36 11 77 57 66 86 1 38 92 93 31 31 32 71 90 
87 10 47 54 7 32 46 12 19 52 25 10 0 16 6 46 23 32 91 91 40 52 93 9 55 61 68 58 0 64 70 21 81 2 38 95 18 22 18 13 13 82 82 61 12 65 42 46 40 62 26 31 4 61 36 93 15 43 86 92 11 83 63 67 67 20 70 40 56 51 42 60 48 3 16 52 67 76 21 48 7 52 31 61 28 49 1 99 42 60 9 90 4 3 22 10 1 51 66 9 68 49 72 78 12 54 75 65 98 86 45 12 97 21 31 74 45 6 42 39 4 69 14 79 86 64 63 32 
35 23 66 78 19 52 2 18 5 54 36 87 17 62 32 14 53 1 73 81 7 21 1 55 33 78 99 75 50 17 30 62 25 72 91 80 24 9 30 67 35 41 94 38 19 82 19 5 46 20 82 79 85 81 80 81 98 75 43 90 27 3 78 15 56 62 72 74 44 40 85 56 67 18 97 99 33 87 2 10 35 54 53 46 36 75 56 35 30 45 43 21 39 46 73 21 2 72 74 88 75 80 67 6 44 29 2 37 43 55 21 1 49 15 30 64 8 42 69 95 92 42 14 27 92 96 89 78 
45 32 20 75 37 58 32 13 54 21 17 76 0 86 56 98 97 79 54 20 72 24 75 97 66 79 56 33 62 80 20 11 40 69 50 73 65 5 84 44 97 56 56 9 49 55 91 28 60 18 76 91 77 9 42 83 40 49 38 41 82 56 96 56 95 15 53 97 48 61 23 57 77 57 45 71 13 43 1 92 12 80 69 47 83 82 10 91 20 54 52 81 56 16 54 33 14 14 13 84 65 60 69 34 43 36 88 94 66 13 56 22 79 49 12 38 45 15 71 38 0 40 16 56 32 17 26 17 
46 55 36 20 25 91 34 84 21 73 28 18 41 34 95 30 96 73 81 20 80 15 52 24 18 33 77 63 5 79 16 33 33 36 5 59 4 29 69 71 29 28 69 52 61 89 25 92 51 60 93 27 15 10 91 9 28 23 96 97 32 21 56 97 37 62 89 36 21 7 76 6 34 97 52 66 8 31 79 35 49 54 19 65 80 53 14 40 21 48 19 50 60 91 50 89 53 41 94 64 45 16 69 7 12 96 28 55 63 79 14 12 28 19 56 1 29 44 71 94 41 42 17 26 87 94 89 20 
49 77 27 81 8 50 21 28 75 1 94 24 34 10 88 59 90 99 7 40 58 34 56 15 68 23 23 22 70 30 19 88 13 46 37 34 53 81 97 14 55 60 29 87 20 39 18 8 93 55 68 88 4 43 6 71 35 77 12 1 80 46 59 7 37 1 71 95 13 86 27 60 25 9 81 11 37 87 96 94 27 9 40 35 75 73 21 98 20 19 69 39 87 75 36 94 46 4 70 41 52 76 76 60 56 69 19 0 99 62 14 70 55 70 26 13 39 9 5 27 69 76 53 32 0 44 75 80 
46 16 61 39 77 4 28 8 63 78 22 35 4 51 95 20 74 79 67 0 15 86 2 91 37 42 56 53 54 78 96 11 27 38 4 13 1 18 98 17 60 77 39 51 25 82 53 20 2 14 66 74 36 85 76 58 16 76 87 77 22 20 60 41 16 8 36 19 96 41 36 75 62 74 41 68 65 16 95 98 29 28 36 26 29 97 54 8 42 54 21 56 96 91 33 7 5 63 96 78 93 89 61 49 82 50 36 74 49 81 84 97 53 58 99 28 83 72 18 76 20 23 15 67 24 70 60 1 
75 60 29 89 1 36 4 25 22 99 29 90 41 96 41 90 20 90 2 93 58 18 30 43 32 5 92 61 89 14 28 62 84 45 58 53 48 91 11 97 84 14 47 99 9 54 83 45 1 58 42 0 85 12 44 85 20 7 40 18 79 47 11 84 66 88 75 52 45 40 64 2 99 24 59 53 92 70 12 78 24 60 50 69 97 89 74 38 59 29 76 22 56 44 96 73 75 31 9 12 81 59 56 95 18 83 48 1 26 48 97 29 94 98 79 41 90 98 1 6 33 19 27 42 50 77 86 86 
69 28 19 72 40 3 3 70 72 93 6 90 85 26 58 13 21 70 23 99 40 39 17 32 14 41 90 9 77 51 59 62 55 54 10 61 33 57 86 25 38 80 54 80 51 62 39 99 83 70 69 11 34 71 58 81 50 43 80 31 19 78 65 43 2 76 61 61 73 96 83 17 33 42 43 51 76 20 16 55 43 61 78 13 68 42 60 13 94 65 25 85 14 5 61 19 44 24 88 66 7 9 2 18 62 49 94 52 18 45 69 28 48 10 73 10 92 45 3 32 48 55 14 46 38 52 72 27 
19 65 32 20 81 76 37 7 39 67 38 54 51 28 85 52 53 71 35 49 28 4 51 25 50 49 7 54 29 12 80 79 37 58 4 61 24 15 71 22 10 98 35 45 23 74 62 5 11 91 3 90 5 54 60 25 15 35 22 65 49 33 14 82 80 81 65 91 71 41 15 69 18 24 14 78 28 90 2 88 23 46 49 89 42 0 69 57 35 25 77 28 94 34 46 90 3 9 86 5 84 68 83 81 95 28 90 12 64 41 7 33 86 83 58 15 0 33 8 66 74 32 16 58 50 96 43 45 
34 54 55 31 80 8 61 66 6 65 80 95 23 83 59 63 87 0 53 43 51 82 43 27 73 98 82 91 87 42 87 68 2 56 37 6 46 34 67 87 77 13 63 7 71 91 7 16 77 28 54 33 46 90 27 86 94 16 15 63 45 85 81 63 53 2 35 37 76 54 79 61 70 23 64 93 85 33 39 54 79 47 38 26 14 94 12 85 35 70 76 39 70 60 32 37 49 66 90 60 71 47 82 76 88 47 22 32 92 82 99 77 42 21 97 77 94 69 42 57 87 9 20 70 83 44 90 79 
44 3 81 88 34 62 80 24 23 65 21 76 78 78 15 3 35 38 77 58 20 96 13 77 86 27 43 29 63 97 21 61 8 57 33 96 19 22 61 53 55 44 30 69 92 68 87 15 67 2 65 53 66 99 81 12 88 9 10 34 36 26 26 35 68 64 4 4 67 39 33 98 72 50 36 16 98 49 10 36 96 13 86 19 8 13 18 81 77 12 21 27 99 55 29 57 93 32 45 88 65 63 24 16 2 74 91 8 3 60 18 99 60 83 70 71 8 26 64 77 90 54 14 39 8 45 99 74 
13 9 29 57 22 91 37 51 10 72 8 77 76 50 26 4 26 72 13 17 67 35 42 88 25 53 39 47 22 7 61 7 18 28 3 34 82 6 86 11 7 32 10 20 68 46 13 46 54 48 17 2 12 84 22 22 84 19 24 70 86 3 82 72 90 83 68 15 92 5 29 16 37 82 86 44 65 21 68 75 53 3 29 81 65 32 18 54 30 58 84 76 11 62 1 37 27 7 78 84 73 59 16 73 12 86 3 37 0 86 7 9 17 6 34 86 99 67 64 13 27 0 31 61 38 82 10 18 
88 56 16 66 33 62 57 3 24 92 66 12 80 46 55 65 0 15 86 49 30 86 66 79 68 63 54 70 11 67 72 62 85 94 27 0 31 10 5 6 61 93 90 11 7 85 50 10 28 71 13 23 5 9 25 92 7 42 20 98 78 36 9 14 95 58 6 39 0 36 96 30 12 3 11 4 6 86 21 42 11 50 2 75 13 35 45 63 50 64 90 21 34 66 23 34 20 46 66 53 52 95 50 10 47 7 78 79 24 25 83 3 68 89 53 45 45 81 54 2 35 43 43 79 80 60 12 34 
70 59 74 60 98 80 99 99 4 13 18 82 6 63 94 94 64 42 23 6 30 70 12 71 32 26 75 21 51 7 2 69 84 50 70 59 59 83 59 25 10 21 28 71 16 20 1 47 29 94 39 33 72 11 91 43 84 60 71 2 40 54 78 52 90 77 95 91 79 67 42 12 37 68 63 33 10 67 31 93 97 2 81 10 11 3 78 13 47 95 26 54 79 30 24 19 84 25 48 62 93 65 95 36 61 12 23 25 83 16 22 34 14 4 58 13 70 95 19 71 54 42 49 98 51 74 76 70 
58 79 70 71 78 76 44 20 43 10 1 6 47 64 12 0 14 2 5 75 58 51 57 75 95 37 19 89 53 63 74 12 5 49 0 27 22 68 67 89 66 91 40 12 36 63 59 32 24 62 43 15 82 93 83 30 44 52 28 91 41 64 26 23 11 69 38 59 32 18 98 99 53 93 25 27 56 88 61 98 36 82 35 17 75 72 38 40 44 67 65 92 27 18 35 17 74 33 61 12 97 74 91 26 34 81 55 63 36 4 19 53 47 44 74 70 29 14 54 81 83 26 89 5 74 89 63 87 
65 63 84 25 41 63 99 41 84 8 46 65 99 14 53 22 27 14 58 96 51 23 64 28 45 69 1 97 70 16 80 96 12 66 56 31 39 42 62 81 80 0 99 92 30 63 99 9 6 39 94 1 22 88 82 42 30 84 52 4 61 83 48 46 39 1 28 9 16 66 64 58 64 67 77 17 97 18 17 26 75 82 3 57 14 77 81 51 19 99 42 91 5 15 25 95 58 22 48 3 15 16 93 76 33 3 73 86 79 12 18 9 21 73 88 10 42 85 24 59 38 94 68 25 46 12 12 92 
26 52 17 69 2 84 33 31 88 18 38 89 9 96 72 29 31 23 6 70 39 93 81 81 37 77 1 10 18 57 33 33 58 34 26 31 10 25 0 2 36 39 77 98 63 35 78 36 50 15 15 77 85 96 75 70 63 68 18 82 31 7 92 10 50 38 24 46 66 71 5 46 33 97 68 71 0 85 47 4 83 75 18 41 19 67 45 70 32 71 14 54 73 65 5 50 62 67 34 41 76 51 74 35 67 70 18 62 25 69 20 21 7 82 20 24 70 37 89 93 12 58 70 37 90 28 40 42 
2 29 72 69 93 24 77 77 78 5 96 98 46 51 94 53 57 96 0 81 62 39 89 95 8 54 36 3 60 19 57 86 86 16 67 28 16 19 39 43 19 17 48 79 26 40 71 10 80 9 43 44 54 52 54 67 86 65 99 24 15 95 51 14 30 35 14 92 43 4 45 35 1 56 86 74 22 52 32 29 14 49 68 38 79 93 97 14 72 20 40 5 60 35 24 49 83 60 94 13 23 34 57 91 99 37 53 94 41 86 69 86 91 87 95 46 13 45 16 16 85 59 82 41 67 16 86 64 
92 74 70 33 15 46 20 36 15 24 81 83 37 90 46 77 45 81 93 48 11 53 88 25 77 71 86 73 40 5 30 64 37 37 67 78 33 87 50 93 20 93 67 46 88 14 31 77 70 10 5 44 82 56 61 73 84 78 82 7 90 43 69 54 26 45 43 35 98 70 59 12 95 0 26 78 94 51 39 79 16 30 80 39 34 67 74 95 70 46 97 45 86 54 9 69 99 66 73 88 41 82 26 15 46 16 30 87 20 87 4 3 93 34 61 32 70 66 65 52 72 9 16 74 80 81 51 11 
33 64 22 78 51 59 53 15 91 79 80 13 2 82 12 77 56 48 96 3 63 64 53 56 61 36 54 7 19 60 39 46 62 48 69 8 76 15 99 4 92 0 40 53 12 83 17 5 45 45 86 9 21 1 25 10 88 64 32 3 80 12 21 20 12 68 27 6 71 44 27 5 75 47 69 18 9 3 53 42 28 69 22 29 91 10 35 52 99 3 97 22 58 81 9 33 26 21 58 93 45 14 62 99 47 85 67 56 26 82 97 69 70 96 57 15 46 59 45 96 41 43 29 64 34 82 50 91 
20 23 93 31 10 2 61 18 40 28 18 47 86 23 26 66 30 2 58 47 57 7 20 51 71 51 93 90 56 52 14 84 82 74 97 83 82 3 2 2 59 17 43 80 38 54 54 29 7 60 1 38 13 47 20 25 27 78 24 31 92 2 23 73 88 3 29 30 16 82 18 87 6 0 38 34 46 4 90 57 47 44 43 91 66 62 97 37 43 22 15 91 93 85 99 54 71 88 98 69 12 18 37 0 15 29 1 49 22 36 61 68 77 27 91 70 64 69 95 9 18 26 40 54 39 4 8 55 
1 74 83 13 64 68 79 31 53 76 31 58 41 15 13 68 86 77 90 64 82 59 94 83 35 49 26 21 36 91 31 83 84 18 20 14 38 36 64 18 20 9 89 96 36 81 69 89 80 39 15 99 21 97 58 64 48 29 51 35 90 76 68 43 43 98 74 2 30 69 99 53 52 37 33 31 58 85 20 53 40 19 79 26 16 14 43 15 45 85 99 24 6 17 67 15 94 3 76 39 13 80 14 66 45 6 78 7 48 11 76 54 67 15 1 82 16 91 40 58 88 45 50 65 83 38 48 47 
98 94 35 32 11 76 24 7 24 85 77 33 54 1 35 74 44 93 73 85 5 11 75 75 43 61 65 33 10 20 3 47 89 49 22 73 64 9 28 17 67 83 57 16 7 96 43 19 15 51 59 58 51 31 74 83 8 76 56 36 43 46 24 70 65 10 21 95 51 21 15 64 96 10 43 84 8 54 90 37 88 43 81 65 69 86 2 94 69 48 6 86 37 45 15 73 20 35 25 69 93 9 42 36 70 88 62 26 65 31 53 50 12 31 80 6 83 13 28 47 17 20 19 52 65 57 47 80 
48 62 69 63 38 3 95 12 73 67 31 49 41 74 96 20 21 97 42 10 59 92 26 40 8 52 84 49 71 77 30 63 60 26 26 17 5 55 71 10 33 37 0 21 93 36 51 36 9 95 58 28 3 70 33 15 51 36 44 57 43 41 78 29 41 38 87 20 19 81 98 40 87 60 64 74 45 72 42 86 54 96 77 85 8 4 57 13 8 84 3 93 48 26 96 83 85 24 48 87 56 71 44 75 73 62 8 21 28 15 68 30 42 31 2 35 69 81 86 69 45 56 78 80 78 88 64 85 
81 11 90 54 71 64 29 62 37 97 74 29 71 69 75 79 41 82 94 60 27 53 47 21 80 41 28 50 95 26 87 91 54 34 64 34 49 26 44 19 54 15 82 18 2 21 6 82 5 12 96 95 42 13 66 79 47 33 54 31 92 37 35 85 71 99 63 53 29 85 51 88 8 54 27 73 40 63 76 31 43 49 56 73 53 21 81 92 45 89 3 68 32 32 24 94 8 49 94 42 52 6 24 18 47 88 29 49 22 48 66 58 28 60 31 57 93 24 6 36 55 85 55 28 49 48 8 95 
9 28 17 90 86 25 25 8 39 52 89 62 52 79 25 6 47 19 68 99 66 39 35 31 99 81 3 87 16 40 26 8 82 40 45 71 23 5 24 80 25 54 26 8 29 21 63 57 47 73 83 71 27 61 26 0 11 49 83 13 93 29 62 77 76 60 33 88 2 46 54 0 75 93 16 36 70 14 41 53 98 58 73 85 97 3 45 8 49 70 29 19 19 22 51 89 86 14 78 21 52 9 7 1 91 99 76 5 95 61 43 35 12 50 94 30 60 93 93 15 19 22 43 8 7 64 67 34 
47 65 95 14 72 98 59 35 48 19 61 63 11 47 73 66 51 25 61 46 95 9 78 37 48 34 81 49 13 14 20 86 73 89 77 96 15 56 54 82 6 41 56 94 7 47 59 64 53 47 42 19 59 90 24 17 60 27 98 0 20 69 79 49 3 46 51 98 17 24 52 97 1 65 32 95 98 30 24 15 20 72 81 19 87 94 94 93 0 19 82 43 1 29 80 73 58 12 93 61 37 57 81 57 82 47 50 5 42 7 58 76 86 76 11 37 53 73 14 79 74 24 70 77 31 49 3 57 
16 23 76 83 24 0 73 34 71 99 17 88 81 19 11 83 54 55 44 37 83 80 39 56 72 52 73 23 40 61 56 92 19 67 35 62 18 28 43 44 90 13 57 5 75 65 1 43 4 89 3 12 49 79 76 55 65 17 20 40 57 78 59 3 33 93 6 65 7 6 49 50 54 45 23 83 9 26 58 58 68 26 96 16 56 5 15 14 81 45 65 96 53 80 96 61 68 23 86 65 78 33 93 98 75 11 18 42 83 89 63 6 43 3 7 52 60 70 38 35 56 30 23 3 74 30 11 92 
95 74 78 85 27 90 60 14 29 51 79 51 81 91 40 68 44 58 41 45 73 36 14 35 74 90 56 10 13 16 83 74 94 98 83 61 4 44 7 23 97 53 92 96 22 27 26 68 62 48 46 41 6 40 55 74 63 87 80 48 37 32 22 24 90 51 92 81 27 76 12 88 57 93 44 95 91 98 2 33 75 5 13 43 56 76 62 27 44 36 3 53 88 23 18 14 9 6 86 18 68 10 52 63 11 47 1 96 55 84 11 0 30 86 30 55 62 36 84 68 80 68 62 81 99 76 52 72 
41 45 16 55 77 93 79 18 58 3 43 81 99 76 72 25 4 73 98 85 22 11 20 51 83 5 81 37 41 84 53 49 9 85 46 56 8 29 12 38 90 98 82 80 11 58 37 72 27 67 12 90 25 42 77 57 21 18 98 20 12 90 83 34 49 31 81 9 89 7 57 27 3 62 91 56 66 47 1 97 40 85 40 85 38 72 63 1 70 7 64 22 17 55 95 35 97 65 56 91 10 11 65 0 77 36 22 54 33 67 90 71 12 81 75 99 7 86 17 81 34 63 96 88 11 74 49 84 
89 81 12 85 81 80 79 31 60 97 54 49 80 85 14 71 22 37 44 38 77 72 97 91 6 8 8 25 7 1 73 89 18 77 28 27 66 22 81 62 81 39 19 77 67 10 98 5 94 87 20 96 11 89 49 48 28 57 52 53 45 8 38 65 42 59 92 14 58 23 49 10 63 95 5 26 77 57 71 45 8 89 2 81 42 89 63 64 18 98 74 16 52 48 2 5 63 93 29 69 41 8 36 10 62 42 93 24 26 98 79 6 77 37 11 19 54 41 41 78 95 23 1 7 89 5 40 97 
60 89 74 92 71 84 66 0 74 38 11 12 96 51 79 42 7 85 74 8 10 80 92 96 83 64 66 1 0 14 91 17 25 13 32 99 95 24 28 14 91 73 86 77 9 57 35 7 60 91 95 59 20 40 72 40 67 69 43 42 92 35 72 8 18 75 62 7 66 27 48 45 37 29 6 24 17 79 95 2 58 85 27 64 25 42 69 91 45 86 44 55 22 73 80 71 75 26 24 59 24 82 14 77 17 4 80 95 46 87 34 10 95 54 85 0 0 88 43 12 75 55 84 39 70 68 65 10 
69 97 59 31 56 88 28 98 70 4 55 52 94 1 14 65 31 97 57 86 59 38 17 49 8 44 79 10 51 15 56 37 47 22 34 0 19 55 5 3 51 3 31 75 81 70 73 1 80 16 36 14 82 95 25 12 68 37 74 16 30 19 97 4 52 44 66 25 8 35 0 53 74 96 5 34 65 93 29 19 23 94 50 53 43 44 94 94 47 26 88 34 19 83 84 38 34 87 14 98 24 1 31 72 11 50 68 55 52 75 88 39 29 27 9 85 60 68 47 19 97 60 21 59 33 11 65 36 
37 99 50 7 39 49 44 36 68 47 73 65 66 92 8 16 97 11 67 20 97 48 89 15 18 77 78 83 69 9 95 34 11 31 47 73 17 94 5 0 70 86 91 56 37 35 43 87 34 50 32 82 44 19 69 77 15 18 14 86 95 99 96 76 97 41 84 87 21 0 88 93 18 19 27 29 67 48 30 49 42 35 95 41 87 22 53 62 87 11 42 97 22 81 83 49 44 52 98 77 96 8 58 80 39 89 43 51 24 64 1 43 81 56 72 99 54 48 46 54 85 33 57 95 27 56 31 95 
91 8 24 44 9 18 23 70 89 30 34 94 45 83 84 40 93 4 48 23 27 46 72 73 67 2 32 45 62 95 21 8 30 57 95 94 37 45 95 50 84 45 49 83 22 32 10 30 20 75 86 2 0 15 35 10 53 88 70 17 10 75 22 21 49 19 30 6 16 34 26 66 16 26 31 73 67 80 69 95 68 85 43 26 61 52 11 43 33 65 83 85 32 55 44 89 4 38 69 49 61 32 40 88 82 13 49 60 7 90 92 9 63 94 62 53 43 97 11 86 32 22 40 28 11 76 40 46 
31 14 69 41 69 24 52 38 68 50 45 36 75 11 38 9 56 67 35 43 54 29 25 68 23 20 60 87 84 42 26 6 91 19 89 37 48 73 72 40 16 61 18 46 58 70 41 94 27 38 87 78 66 48 23 44 49 49 55 37 75 84 94 50 99 2 61 61 62 88 46 40 41 90 33 45 94 96 15 49 32 68 53 20 26 83 71 44 82 51 54 14 8 99 91 14 83 13 38 97 46 28 48 36 59 57 21 41 32 96 97 91 52 49 30 16 51 18 27 86 6 72 81 62 30 18 11 85 
83 25 7 94 24 50 92 93 6 22 83 50 99 67 99 41 22 41 73 67 28 80 48 39 85 42 58 74 58 65 25 20 75 34 81 79 58 77 3 3 38 29 6 85 73 53 25 34 29 84 74 7 75 86 55 59 48 28 16 53 91 81 88 75 43 84 7 4 14 26 5 50 28 34 74 97 91 92 79 77 43 67 26 58 14 67 30 61 9 17 84 79 46 90 94 34 64 40 54 42 16 93 66 97 42 37 92 14 4 67 9 53 39 28 73 72 61 64 90 10 6 79 88 40 99 83 41 77 
52 76 69 4 6 1 18 41 30 43 7 37 45 24 7 11 38 24 41 99 21 96 31 11 82 45 15 13 10 97 98 79 61 17 56 30 54 66 73 98 23 6 32 49 30 59 97 87 6 64 12 29 2 56 52 65 81 79 94 21 50 59 85 2 90 92 88 33 56 9 27 76 97 87 38 70 51 38 22 56 96 18 34 69 27 79 15 23 75 56 52 24 68 18 10 24 11 39 20 63 50 2 3 15 13 66 77 64 39 50 76 16 53 4 94 39 86 26 3 0 68 42 22 51 95 6 57 1 
93 80 1 98 66 44 71 94 57 32 82 84 3 13 17 65 16 72 20 12 60 64 39 39 85 24 83 65 8 77 94 27 86 37 82 82 32 32 77 54 59 19 56 61 26 75 50 8 89 92 17 55 96 38 0 1 21 34 3 98 63 30 17 16 72 24 79 89 26 13 43 99 57 29 76 59 49 47 36 77 40 26 32 40 68 44 83 30 92 52 63 54 39 59 81 37 73 27 69 9 33 27 67 49 13 48 81 59 84 82 89 31 98 56 29 36 61 53 26 9 86 18 75 54 77 20 56 34 
51 24 3 85 48 24 98 91 38 93 99 44 14 51 98 35 49 52 9 66 62 37 18 40 19 36 49 5 89 14 64 19 97 13 98 78 81 33 68 6 97 9 91 86 52 11 15 61 31 88 55 74 20 85 27 61 47 10 95 67 46 5 63 19 0 8 89 42 45 9 41 71 16 94 72 77 22 5 43 65 74 43 88 24 63 73 65 89 18 28 65 49 25 52 39 16 38 32 32 63 80 66 77 11 61 26 31 58 19 18 36 31 80 20 11 85 18 80 12 99 93 62 89 34 70 52 57 92 
88 28 36 77 81 44 4 97 34 8 47 92 96 65 21 10 8 41 57 28 62 58 84 85 59 12 6 94 40 24 73 7 19 26 16 82 17 68 2 39 21 39 76 87 49 35 73 59 51 85 45 13 79 45 12 45 40 46 33 49 0 60 39 27 14 5 77 36 15 41 62 14 29 29 23 68 5 0 2 82 7 43 91 12 4 26 10 8 28 4 76 28 50 82 35 58 1 81 2 6 24 72 2 50 54 41 36 38 21 59 46 67 54 53 96 38 26 3 8 30 51 46 27 70 61 79 89 17 
24 94 47 49 0 93 88 91 5 94 29 45 85 72 6 30 10 74 19 22 57 40 20 90 49 53 21 43 42 46 77 36 51 7 57 35 63 99 29 21 0 42 48 1 20 44 83 98 53 78 49 60 96 44 72 46 55 75 58 55 49 24 98 99 59 54 19 66 36 46 42 63 17 32 49 19 63 47 87 8 26 9 84 37 32 4 85 32 64 49 43 15 49 40 94 34 11 10 18 81 4 79 1 2 83 80 11 90 57 20 31 44 86 15 75 84 21 60 55 97 36 95 91 46 19 72 91 76 
58 51 89 1 94 18 95 6 81 1 34 70 56 51 23 26 71 60 40 13 26 47 22 5 63 26 6 65 34 80 31 22 34 97 69 21 35 82 0 42 42 69 7 35 30 50 46 1 31 28 59 24 64 13 62 79 69 8 13 74 64 49 28 32 26 32 37 33 47 44 56 96 23 67 13 30 19 10 90 86 36 39 76 50 11 11 67 85 46 27 24 51 35 74 11 49 35 16 25 5 81 71 30 66 77 27 52 2 16 73 78 13 8 89 8 66 34 52 21 65 51 97 97 71 27 56 56 31 
15 17 42 30 23 12 12 13 17 17 61 48 69 75 77 10 6 14 59 53 66 57 43 43 42 80 91 55 17 3 79 4 0 95 35 35 74 94 97 13 6 1 96 54 74 95 25 57 70 62 16 49 54 58 19 37 41 46 15 10 53 34 88 49 16 99 60 68 5 50 24 77 63 7 99 22 2 34 24 9 36 97 67 24 72 86 31 2 27 1 47 8 47 41 95 50 13 55 42 41 94 23 30 51 78 67 49 7 42 4 3 59 77 23 33 45 34 26 56 65 36 51 86 85 78 53 75 98 
10 48 28 87 61 74 56 17 47 13 35 94 93 79 66 67 55 25 1 0 80 5 43 39 24 34 89 42 23 54 2 66 39 66 55 41 24 10 40 87 12 89 11 21 72 34 25 5 12 73 19 74 71 43 6 11 76 24 15 18 45 11 63 87 97 97 54 36 21 4 43 95 43 39 80 6 7 23 52 52 67 16 12 22 35 34 66 27 54 35 45 1 69 1 57 2 22 94 42 98 17 12 21 12 38 88 11 13 62 2 43 90 32 82 87 8 0 43 87 29 84 74 6 27 91 47 37 74 
60 79 42 93 79 45 30 93 43 54 27 68 96 0 14 81 75 44 77 41 9 44 25 18 97 84 74 61 47 54 12 45 50 33 18 44 20 71 26 23 97 18 77 29 98 9 1 33 13 24 65 56 19 13 7 98 69 23 82 54 68 13 4 41 16 17 79 4 43 11 36 6 4 16 36 91 47 8 47 28 68 52 47 65 1 46 95 97 24 98 61 10 70 33 18 96 22 17 68 64 66 5 50 45 24 25 36 47 72 85 50 24 10 2 32 44 12 13 8 86 79 41 24 54 7 65 66 78 
76 43 14 56 19 88 11 17 30 91 30 36 17 38 72 38 6 51 63 94 8 89 85 99 44 8 42 9 41 90 43 9 46 37 64 96 74 21 78 47 68 43 17 58 5 80 86 54 96 0 49 78 96 72 28 74 77 11 63 47 29 56 23 91 1 29 74 56 85 95 8 64 48 54 70 9 29 33 81 8 40 76 61 36 82 78 87 31 45 9 76 84 38 74 45 9 76 69 1 97 18 30 38 19 89 22 28 89 25 73 35 36 38 90 72 97 79 68 27 36 72 48 48 93 65 4 24 95 
39 59 28 78 89 56 90 75 31 21 71 39 56 95 17 13 23 92 25 27 34 70 16 75 66 59 88 17 86 35 58 45 78 29 4 64 99 30 85 15 66 57 24 82 19 96 55 8 14 8 0 60 21 59 30 90 19 98 11 60 56 11 93 6 69 97 68 10 12 43 23 72 83 40 43 11 34 27 64 73 50 32 10 8 76 83 49 74 32 97 77 15 60 75 51 24 0 66 80 12 92 57 72 14 16 80 70 72 0 65 14 35 5 79 22 33 73 87 17 54 27 12 55 21 90 55 6 61 
0 87 1 78 34 76 36 28 87 83 87 51 62 98 40 0 98 36 76 25 82 35 90 9 34 76 77 14 29 73 31 6 20 86 2 40 47 73 6 36 23 27 78 48 68 25 57 90 50 25 41 36 16 78 91 66 36 91 49 54 26 86 38 74 91 34 52 71 74 27 12 56 76 78 74 49 53 78 59 94 91 97 41 44 14 77 70 26 85 46 85 90 1 0 83 98 75 87 30 30 45 63 52 21 82 51 95 56 54 14 8 16 11 20 82 11 13 75 53 73 93 69 45 13 17 83 25 47 
84 84 92 98 29 17 20 22 53 13 98 56 3 20 97 11 60 82 14 4 9 57 6 18 93 24 8 31 71 82 98 39 44 47 31 69 89 48 58 21 14 58 66 82 63 77 19 45 88 10 13 99 89 66 87 71 51 40 42 0 47 94 81 90 40 87 2 13 39 28 67 68 27 45 79 32 19 17 0 32 38 62 58 69 30 23 13 90 29 99 12 69 48 38 81 10 1 84 22 46 88 30 87 64 70 2 2 84 87 11 85 85 31 97 57 33 99 39 12 72 90 70 77 65 83 51 76 61 
2 50 82 22 55 26 22 13 70 41 14 41 10 64 53 59 97 51 27 63 74 67 40 65 26 14 37 77 35 61 8 88 71 25 55 91 5 59 64 15 23 89 8 48 29 91 82 8 9 44 95 83 77 79 93 16 73 45 17 99 90 39 38 55 56 61 96 24 22 14 33 73 18 92 31 44 43 37 63 66 8 4 54 82 52 5 15 10 79 8 88 85 29 85 11 46 9 82 97 93 34 98 37 56 65 57 84 49 86 53 0 62 65 71 19 75 89 12 18 67 41 0 79 10 3 96 61 76 
62 32 43 39 32 52 28 8 10 96 74 79 4 83 20 56 64 93 70 66 69 86 93 91 62 31 5 95 66 0 57 18 80 3 89 73 60 47 45 41 99 97 73 75 45 93 57 39 53 39 80 68 59 63 82 98 5 3 91 43 75 40 66 0 2 99 35 31 24 12 58 23 66 40 82 96 38 25 93 41 12 27 16 24 33 9 83 59 52 90 36 22 58 72 10 90 68 25 94 14 70 6 61 33 74 5 92 62 99 71 1 12 10 78 39 38 40 33 38 4 58 10 32 76 62 5 48 71 
74 27 98 56 7 66 67 68 91 8 51 37 80 68 17 85 49 92 84 42 4 93 77 23 28 53 44 82 55 7 91 21 16 90 29 16 86 59 25 36 58 94 0 6 68 39 9 67 27 85 84 41 60 33 61 24 52 13 79 23 51 49 57 90 18 46 65 15 4 98 77 69 89 41 35 56 64 37 61 48 23 62 5 34 29 36 38 73 64 73 38 15 8 36 96 15 85 84 6 59 45 15 64 30 30 98 54 59 31 14 65 82 97 37 2 17 30 75 72 84 70 32 68 2 83 51 14 79 
47 78 7 66 32 45 14 72 32 61 32 84 38 9 1 54 69 7 20 11 28 53 63 82 56 0 9 97 19 95 1 84 46 69 16 19 66 24 62 95 43 78 14 74 25 86 68 24 60 9 25 71 15 47 75 23 85 28 18 55 85 43 78 52 85 98 50 67 27 61 22 31 59 18 62 9 99 70 52 20 24 77 77 21 39 48 3 47 46 0 98 28 5 0 97 20 76 55 60 12 2 84 41 39 92 51 56 73 61 17 0 49 71 52 23 65 7 17 57 21 13 76 62 53 27 53 34 60 
72 34 27 5 0 44 78 81 63 86 30 67 23 30 71 36 88 35 99 36 32 97 83 59 3 79 45 81 90 43 65 47 23 1 10 42 24 38 7 3 90 48 7 62 41 18 6 85 19 12 38 13 69 33 99 63 89 99 47 36 34 90 78 22 31 54 81 60 84 81 62 2 63 79 28 58 82 96 13 72 72 69 95 20 83 85 11 73 98 83 29 58 97 0 0 70 66 11 41 6 10 50 64 42 17 44 43 88 38 80 85 0 79 61 30 5 50 20 56 19 98 27 42 36 13 16 33 52 
50 94 33 68 22 28 5 62 28 76 16 11 99 68 60 95 21 3 48 93 13 2 70 67 97 91 55 17 99 40 95 87 30 73 2 26 49 32 38 75 24 37 98 15 63 21 42 11 57 89 52 75 45 24 33 50 27 39 63 57 86 73 68 78 30 66 11 57 31 57 41 69 10 9 57 8 86 34 49 84 98 73 59 68 34 82 93 76 5 47 6 53 95 62 2 28 99 60 0 80 48 44 46 40 4 34 65 63 6 97 16 76 46 81 68 50 75 59 2 61 70 55 57 60 54 3 78 14 
75 14 42 31 19 44 19 80 0 22 24 95 85 94 83 34 36 28 56 39 17 56 48 65 97 79 19 46 98 41 84 96 8 54 96 51 77 50 63 56 73 76 55 56 15 66 41 85 25 18 54 38 88 20 99 23 48 11 1 71 92 24 32 29 77 91 15 35 21 41 33 73 35 75 4 67 14 28 20 94 31 14 18 4 60 63 74 4 30 44 98 72 12 75 2 11 90 29 82 95 89 82 67 7 14 41 22 91 88 77 6 12 20 26 85 8 4 47 3 56 56 64 7 0 93 63 78 96 
79 51 33 7 99 97 67 42 82 81 82 60 41 45 24 37 74 61 2 18 24 45 92 66 4 32 22 75 56 63 48 37 44 43 77 52 35 81 15 41 28 38 75 2 59 23 50 99 79 11 62 6 89 24 30 80 91 92 50 9 92 0 63 65 30 44 62 81 38 50 37 86 62 30 25 62 16 75 29 83 34 48 96 93 91 9 69 68 38 41 84 55 27 73 97 58 43 90 98 98 24 33 30 19 66 4 1 63 20 82 79 73 28 40 84 53 42 59 73 67 32 37 51 64 83 99 68 50 
37 77 11 59 36 30 66 29 19 12 83 73 48 92 96 97 99 47 23 29 17 24 6 48 65 89 20 9 84 50 74 70 91 73 73 33 60 32 93 83 45 2 41 24 36 4 50 50 44 29 92 38 25 16 76 73 45 18 25 36 63 56 57 30 77 46 43 79 73 60 59 95 12 10 1 5 80 43 76 26 32 26 12 34 66 84 27 84 89 30 73 39 40 8 74 34 4 88 89 94 10 45 4 95 5 43 39 83 35 88 9 91 98 62 66 88 79 63 43 62 31 46 89 61 23 12 73 53 
86 19 36 72 13 96 47 92 6 91 50 47 38 80 23 21 2 65 82 40 33 94 83 87 37 35 4 87 23 4 62 48 24 63 31 31 39 0 6 21 5 33 98 11 4 78 48 70 60 63 89 47 88 33 41 55 62 31 39 76 33 73 17 19 39 32 26 54 15 62 79 56 53 37 4 57 19 63 46 12 4 88 94 83 11 11 79 53 6 28 77 60 40 23 62 18 10 15 2 46 90 25 68 91 2 48 47 84 48 74 71 8 55 72 30 7 59 45 91 42 45 53 26 55 86 9 80 56 
73 14 39 10 48 42 51 31 44 4 56 97 30 36 40 50 67 44 48 56 83 86 43 86 35 5 83 26 16 12 77 55 96 66 39 34 44 8 29 20 23 6 26 42 63 1 25 22 50 54 80 20 68 38 32 5 48 94 67 16 25 87 39 73 84 95 96 98 79 56 74 22 68 26 17 93 96 91 62 52 51 19 63 58 66 51 30 63 29 78 22 29 39 91 16 31 63 38 58 99 33 66 10 84 18 84 78 90 28 41 39 71 82 95 56 58 65 78 97 91 33 51 41 33 55 43 58 68 
19 13 92 80 73 77 25 0 44 48 52 7 69 17 40 16 27 51 52 24 36 26 25 82 52 36 92 9 56 16 34 42 91 25 94 33 12 25 35 16 8 46 8 38 40 87 28 87 71 85 62 37 88 4 50 24 46 81 74 72 39 5 12 7 71 95 9 30 94 23 84 84 6 23 57 62 60 44 73 51 52 50 82 52 80 79 7 65 23 1 35 38 12 71 28 88 31 69 72 92 10 71 67 10 60 45 47 76 43 44 21 6 76 47 69 14 1 65 38 4 35 30 11 24 2 29 78 49 
75 81 76 50 81 56 66 76 47 93 75 47 42 18 18 18 70 98 18 5 59 18 90 70 3 19 19 69 59 0 58 17 91 69 72 52 23 95 51 43 16 28 44 87 76 51 70 52 26 85 58 27 82 39 94 27 69 28 31 61 36 47 64 2 28 99 16 7 31 95 88 63 42 24 95 8 82 70 6 15 16 2 52 60 33 63 55 71 39 45 2 84 24 11 12 30 97 61 73 70 86 25 75 56 85 7 3 42 36 16 66 65 60 95 13 26 80 99 77 82 24 22 84 55 81 32 81 38 
26 49 62 13 43 48 17 69 17 19 32 82 77 60 14 16 43 51 80 83 93 71 17 47 44 99 78 89 47 5 61 41 83 69 48 52 92 57 94 92 6 38 87 47 2 63 70 1 76 81 45 86 34 58 97 79 28 48 35 54 12 66 6 1 44 51 42 96 82 39 14 47 36 14 71 74 79 80 54 24 46 51 57 71 20 84 29 38 66 89 87 23 14 48 45 16 81 58 28 0 92 87 61 2 12 73 97 65 11 92 2 25 91 0 67 51 2 50 19 72 20 50 87 75 45 35 63 59 
3 13 67 0 0 72 11 95 56 77 60 42 75 62 14 75 18 67 99 85 89 72 34 4 29 31 22 74 83 70 2 58 5 94 70 49 43 35 24 24 58 12 96 77 27 95 53 51 32 98 26 37 57 13 26 80 24 16 81 52 42 22 23 92 30 4 42 82 9 31 79 79 37 72 74 24 6 19 77 29 47 68 56 60 45 18 90 62 92 45 11 34 30 58 26 11 40 91 6 87 21 49 38 54 25 27 57 77 17 93 84 5 9 77 19 48 38 38 44 7 86 30 60 59 93 19 62 1 
91 90 82 40 40 69 71 21 67 88 98 83 28 69 87 95 96 4 42 35 40 18 86 14 7 20 65 67 9 92 25 31 69 47 75 22 1 2 35 38 21 99 20 27 66 32 38 94 30 11 46 1 74 73 77 9 68 29 33 34 54 6 78 45 83 85 89 84 1 32 31 47 49 27 56 7 36 50 93 91 30 25 37 28 37 60 54 14 11 62 69 93 61 12 8 18 78 96 2 78 48 73 57 85 46 46 5 65 73 94 40 78 57 38 38 14 13 58 11 38 2 80 72 75 98 35 73 55 
37 16 44 81 89 26 98 4 52 99 67 96 67 28 39 3 13 26 42 82 13 88 9 16 48 89 7 1 65 66 59 48 60 85 59 88 66 13 54 32 75 54 55 77 80 10 94 33 83 97 8 57 10 46 20 66 77 10 45 89 21 26 51 5 87 91 74 15 84 66 49 28 27 51 52 19 40 73 81 17 20 99 97 77 44 55 31 74 86 68 94 81 63 67 5 86 98 98 9 46 70 64 42 25 64 82 22 46 8 55 11 95 79 0 88 76 90 59 96 77 61 13 87 56 35 88 25 54 
1 98 1 98 38 8 71 83 75 75 22 82 88 60 54 99 0 48 73 2 33 71 86 11 28 19 3 75 36 5 11 46 93 7 53 2 53 33 31 62 39 98 28 84 4 35 28 81 35 39 5 5 12 51 40 4 98 52 70 17 35 79 87 82 25 41 93 54 38 92 85 65 92 67 2 15 23 57 67 4 16 70 59 27 64 70 80 35 47 82 85 94 55 86 77 78 73 73 86 30 34 96 94 50 26 78 30 71 46 98 57 25 84 35 4 23 1 20 0 41 27 91 40 54 69 57 41 70 
77 17 88 11 73 30 95 11 17 59 92 56 36 48 39 84 89 87 27 14 15 38 45 46 10 49 26 18 29 17 6 53 81 14 33 36 14 54 38 25 25 62 7 51 26 62 81 29 21 22 33 34 89 56 43 18 45 26 3 1 43 73 42 92 81 80 59 5 78 86 68 71 43 47 71 23 4 62 71 23 3 68 44 17 28 65 38 73 54 8 27 11 90 17 31 71 86 44 78 67 81 45 33 23 65 18 53 48 82 32 37 55 99 70 7 7 27 78 78 34 99 82 3 4 91 79 67 37 
86 32 37 1 66 37 85 51 41 15 84 19 43 5 67 57 25 22 19 54 0 82 43 54 35 92 47 41 53 32 96 28 79 57 8 83 90 82 64 92 2 91 29 43 84 21 24 61 78 42 10 32 48 50 41 97 26 29 77 61 29 11 71 82 8 76 28 14 49 69 33 6 52 72 71 16 52 71 62 7 96 40 36 88 26 37 88 51 12 47 56 12 43 70 16 44 5 39 36 48 10 2 42 28 36 75 90 6 64 31 19 18 85 37 80 19 44 0 99 39 17 1 57 47 90 17 31 62 
94 71 13 63 50 28 26 60 88 97 19 62 48 99 81 3 68 82 22 27 27 79 76 98 86 67 2 17 59 33 36 55 0 37 66 75 73 60 12 8 98 96 13 51 75 48 58 22 1 45 99 50 66 60 53 40 42 85 3 82 2 61 34 89 77 71 59 74 46 29 81 73 88 17 77 17 18 8 91 47 64 84 10 27 2 82 31 1 12 83 34 38 43 38 15 18 83 87 89 34 82 64 10 14 96 61 90 49 85 59 72 86 85 85 39 91 83 63 79 9 70 20 18 38 49 40 38 43 
17 0 23 86 8 84 61 81 97 26 84 42 43 84 29 26 5 14 27 73 84 19 59 55 0 66 56 81 16 74 50 75 23 9 18 91 50 94 87 24 64 6 36 4 65 56 98 68 95 98 30 69 39 47 96 72 88 52 22 67 22 92 36 64 37 48 97 51 10 45 20 0 7 71 1 15 67 78 91 80 78 12 94 99 77 19 2 64 55 99 20 1 9 35 45 40 60 67 64 72 84 54 88 29 84 83 12 84 9 95 0 57 84 14 93 16 37 82 32 99 46 69 93 6 13 3 3 20 
78 52 88 6 49 44 30 82 53 60 68 38 50 27 68 97 4 71 75 91 25 93 32 0 64 51 89 54 44 63 11 28 45 82 52 83 37 28 52 37 20 72 50 81 2 64 33 6 43 18 67 64 93 11 33 9 29 21 97 57 36 88 73 68 72 9 33 93 44 69 5 92 28 26 12 34 58 29 73 65 23 45 1 95 83 81 94 32 1 71 80 56 25 9 1 75 83 20 58 55 73 96 72 64 65 45 5 72 54 16 2 50 74 43 26 65 77 34 25 13 0 81 14 78 41 67 11 10 
66 5 63 22 53 81 83 45 4 43 26 19 98 81 2 84 30 68 61 37 7 54 56 10 38 47 96 3 1 89 42 41 97 75 9 80 3 23 16 26 83 11 53 83 5 21 54 21 57 96 31 15 39 31 69 61 40 6 57 91 60 32 72 64 65 38 84 95 60 6 40 4 76 81 6 37 32 88 22 43 50 23 87 8 51 31 78 32 81 20 26 11 80 27 96 50 4 90 50 38 8 96 7 91 45 96 24 48 27 65 58 87 54 1 13 47 91 82 0 45 9 54 54 38 14 83 49 48 
92 59 13 10 35 82 53 99 56 46 99 52 25 17 30 52 91 38 18 56 81 5 47 40 52 61 22 57 18 91 12 70 48 13 57 54 12 86 78 0 52 14 64 37 51 35 70 32 38 30 65 28 95 95 95 71 74 19 45 74 15 84 50 92 48 60 49 58 11 28 74 45 46 48 22 4 45 36 94 9 44 93 75 45 41 41 23 16 99 17 67 91 2 50 65 82 44 84 33 2 30 63 25 99 80 32 50 88 54 87 33 84 88 83 39 73 68 11 41 52 80 40 97 87 46 64 66 79 
97 5 26 91 47 16 71 74 96 30 34 78 35 92 45 93 6 76 33 32 8 20 36 15 11 66 26 63 21 94 33 84 5 79 55 36 3 38 79 82 84 98 33 20 3 53 84 19 34 36 62 84 13 60 83 45 14 53 18 34 53 1 42 29 10 30 48 9 65 62 87 3 62 0 73 36 39 28 52 60 20 23 81 87 74 16 12 61 48 31 42 52 30 61 4 30 99 14 78 18 42 43 97 40 73 48 14 73 67 45 63 98 21 1 67 72 80 92 13 12 53 62 54 17 41 57 53 35 
64 64 89 44 46 22 98 22 90 94 8 12 99 85 74 66 7 46 67 4 62 71 51 22 21 65 8 14 26 81 96 11 89 18 75 30 20 51 95 93 39 2 72 63 42 79 49 15 44 99 29 73 26 98 34 99 89 35 74 98 45 23 8 7 15 41 31 17 93 65 46 45 37 24 54 17 49 32 72 79 39 50 30 1 62 80 23 39 11 34 40 45 57 84 19 71 40 9 54 67 49 36 72 57 97 92 12 91 83 56 51 0 76 36 17 3 10 18 47 5 13 97 41 11 42 82 51 39 
70 99 50 62 87 81 77 70 42 75 93 14 37 66 26 39 99 82 23 40 47 55 21 2 74 83 69 1 66 17 77 18 24 41 26 25 96 15 76 48 96 95 18 23 3 6 60 96 33 70 63 91 17 4 20 46 70 38 77 94 63 41 81 69 94 73 39 49 0 92 95 51 71 21 17 41 56 45 83 30 16 77 21 64 95 88 36 69 73 97 56 82 14 24 15 52 88 9 0 89 86 81 81 83 87 17 78 69 86 59 21 31 70 92 82 19 91 28 52 50 52 44 47 74 62 1 87 83 
98 58 50 29 3 84 77 99 5 48 79 58 38 75 88 77 66 85 22 41 86 75 22 74 69 78 41 85 68 86 29 62 4 69 20 65 91 73 49 96 7 20 7 44 7 97 54 21 32 26 15 17 67 86 80 85 38 73 66 23 12 23 97 48 19 44 50 89 65 83 51 6 67 7 99 59 47 23 64 91 72 33 11 19 32 16 64 55 26 96 83 52 41 29 50 70 54 17 93 10 2 83 24 25 64 75 53 71 18 54 54 26 18 88 90 36 90 82 0 96 17 15 99 81 8 87 26 76 
41 87 88 23 34 24 36 40 34 37 97 85 58 5 68 83 83 81 63 54 56 60 13 95 71 34 99 5 1 98 76 14 4 89 96 49 12 43 64 52 57 54 45 20 45 1 46 19 54 10 18 15 71 41 15 41 88 45 38 20 67 54 55 55 47 69 76 55 61 87 97 85 38 68 28 9 28 5 40 47 46 14 20 91 59 30 66 22 29 64 65 75 35 78 76 12 10 9 24 9 44 77 66 7 31 25 63 27 50 63 94 18 41 20 36 88 79 38 22 62 24 47 38 1 73 67 11 25 
14 63 33 87 62 8 10 62 50 56 84 77 40 19 91 34 66 18 58 0 64 93 42 80 59 70 36 98 92 92 8 14 77 62 82 65 63 45 29 41 70 56 75 62 54 34 85 81 94 43 43 63 30 24 84 49 37 54 12 66 45 41 59 31 37 2 92 52 51 84 86 97 11 59 55 19 15 47 22 25 3 95 11 51 0 11 27 5 62 45 24 26 68 52 84 47 37 74 10 15 37 72 91 2 33 40 24 82 72 67 24 62 23 9 0 2 87 29 54 28 66 40 40 61 64 86 63 31 
57 68 13 87 94 97 18 60 92 58 7 14 60 78 45 22 44 19 45 19 87 39 82 10 94 87 87 3 22 86 76 95 74 59 31 86 65 24 69 34 17 67 47 12 9 63 38 91 40 72 43 46 87 76 56 2 28 42 45 8 2 13 6 71 6 91 11 2 11 13 26 18 42 54 68 26 69 90 63 90 38 24 8 80 32 93 62 93 90 30 83 97 35 58 51 66 91 72 22 39 20 63 34 82 69 91 79 22 76 32 36 39 23 51 12 52 14 94 37 67 71 69 28 5 86 39 73 70 
4 18 62 35 0 70 81 91 81 5 31 43 95 73 77 38 97 37 97 98 0 25 89 0 19 16 40 93 3 20 42 89 45 77 27 48 46 39 11 48 74 62 45 98 2 20 98 30 85 70 46 94 99 9 38 80 98 52 12 67 5 26 44 67 82 81 44 97 71 2 28 83 16 5 16 38 25 46 91 25 40 30 16 85 75 24 56 58 68 35 80 9 73 12 28 66 3 34 49 78 26 70 36 42 96 66 53 83 35 82 59 33 77 69 77 30 75 42 6 91 54 83 6 58 30 47 50 88 
68 36 63 44 36 8 26 66 68 49 95 37 21 1 88 70 80 95 17 77 12 8 78 7 74 82 64 67 58 83 18 95 94 35 5 50 13 71 32 15 82 50 50 65 75 38 68 98 77 84 46 79 33 70 90 98 22 26 70 7 66 55 52 9 68 15 27 12 84 44 56 80 57 81 79 50 76 58 12 79 92 16 91 63 72 3 64 7 45 25 95 78 49 15 52 42 94 16 74 31 14 2 40 58 89 18 37 64 93 24 57 74 14 20 41 5 27 43 86 91 31 1 15 0 93 81 62 44 
28 39 2 98 83 22 78 94 54 93 21 15 81 81 73 87 25 6 82 73 46 12 41 6 1 40 27 34 59 78 65 89 46 74 85 33 98 68 11 37 53 34 61 24 49 20 13 14 83 51 18 32 38 79 58 88 33 56 30 91 82 64 99 2 96 34 46 76 28 23 15 82 40 33 80 58 53 50 53 2 39 19 8 57 23 6 55 60 29 40 61 75 0 23 18 79 27 95 42 68 9 43 26 7 45 7 0 41 36 31 29 29 1 87 20 44 9 49 45 64 79 23 63 62 74 38 87 36 
61 38 95 59 80 73 48 10 87 94 97 54 32 50 28 77 97 57 86 82 27 39 71 34 45 39 64 61 59 10 87 48 96 9 80 80 90 57 13 21 74 3 23 24 14 79 4 7 92 82 79 18 34 49 19 95 26 83 25 55 13 34 32 24 87 81 90 32 27 34 9 36 42 38 23 19 17 31 8 30 84 7 87 32 17 6 52 46 34 74 45 48 53 31 51 36 22 79 28 33 26 28 71 73 47 12 9 87 87 66 55 91 15 86 9 16 65 67 26 69 86 78 41 61 2 29 52 52 
69 57 63 42 4 52 97 74 77 11 36 97 65 67 83 87 60 21 93 99 2 20 76 34 24 70 52 97 21 6 75 96 21 37 22 95 53 30 89 68 69 36 84 60 58 95 58 40 79 74 24 84 39 16 39 10 10 6 86 20 62 89 23 11 56 49 93 5 80 21 65 11 6 48 93 20 79 37 33 30 56 31 13 35 66 59 40 37 3 46 12 26 16 92 26 38 4 99 57 19 58 10 83 67 68 77 56 82 80 2 32 67 39 18 60 16 88 86 53 54 11 70 97 96 12 35 86 57 
24 65 37 69 55 8 56 4 55 5 9 77 44 9 55 13 17 5 70 32 44 16 59 83 26 62 22 37 10 95 61 96 36 77 26 3 26 16 28 13 63 6 31 45 44 55 46 69 52 55 79 82 8 59 54 10 72 30 54 49 61 20 17 38 24 38 91 6 8 45 3 75 48 98 42 94 92 51 93 87 62 79 97 3 36 68 94 92 2 38 97 93 62 53 80 12 17 67 84 81 8 48 45 90 27 67 71 21 47 10 84 11 82 71 50 21 42 13 75 1 46 86 52 76 45 54 60 26 
81 38 46 40 84 72 46 69 67 99 1 77 94 35 90 40 92 2 46 70 64 58 73 40 74 38 42 78 9 81 46 76 58 34 20 20 93 58 42 54 24 28 92 18 57 83 73 67 29 95 88 37 67 34 67 2 37 10 60 67 55 19 70 66 71 51 91 12 70 14 12 91 58 56 1 73 27 78 51 96 95 76 56 83 86 26 91 91 35 54 25 44 3 22 52 31 36 76 98 40 17 79 74 49 1 14 95 41 53 79 38 79 72 68 3 63 2 89 7 11 24 47 22 72 8 14 28 88 
37 7 26 40 39 37 54 27 53 17 43 38 75 18 60 32 18 39 92 37 3 76 13 34 81 71 26 43 71 22 65 85 2 87 5 21 31 45 65 59 86 19 80 12 24 0 86 74 71 53 20 97 84 50 3 55 68 67 85 25 84 47 1 78 96 96 50 62 11 7 4 7 17 23 51 16 17 29 72 46 46 82 82 0 90 28 42 31 99 71 32 55 82 5 78 50 61 50 10 59 4 94 49 8 77 73 54 69 74 40 38 0 75 73 54 32 84 65 78 94 17 56 86 92 78 6 34 15 
35 13 95 12 29 78 41 10 38 49 76 35 18 21 56 59 3 40 85 64 68 62 7 96 6 28 59 89 88 13 19 71 1 9 37 98 24 76 56 41 52 34 86 10 50 17 58 21 60 66 50 65 16 42 97 45 30 28 92 16 15 68 38 19 79 46 91 36 34 8 62 92 99 34 99 63 77 36 64 60 8 51 58 57 76 50 48 60 98 85 32 91 56 19 84 94 93 0 57 3 50 65 22 32 72 20 24 5 28 49 85 25 54 88 80 3 30 42 28 62 8 1 64 37 70 55 51 62 
24 3 24 61 21 88 30 21 45 92 71 29 55 73 39 60 90 15 84 3 7 65 76 11 70 74 19 71 82 92 72 21 6 47 83 24 7 0 77 3 92 34 71 73 58 55 44 88 48 29 19 98 86 99 90 90 94 34 82 28 20 17 7 36 81 76 22 16 39 74 74 25 80 62 41 3 92 44 69 35 32 26 28 14 13 89 88 61 38 19 44 28 16 30 87 50 76 66 82 47 66 73 54 61 25 12 0 70 70 12 71 15 63 58 60 82 85 31 95 66 38 63 29 71 81 56 70 49 
71 38 51 79 20 94 6 13 7 4 57 39 59 45 76 5 7 13 42 35 2 52 8 42 48 76 42 10 84 95 3 55 94 90 3 23 52 89 8 26 18 78 31 40 9 70 21 29 66 16 14 27 11 89 21 93 1 37 30 72 24 38 81 13 6 79 9 35 55 13 93 35 51 19 86 88 5 25 22 86 91 93 29 97 85 69 67 2 50 69 54 61 38 78 85 3 61 85 6 0 49 82 61 10 13 73 27 28 58 2 87 81 22 21 2 93 87 89 26 79 66 6 29 77 58 42 8 61 
9 41 56 97 45 45 8 37 19 13 81 5 74 78 43 54 83 32 86 91 38 92 70 82 92 51 47 1 64 59 92 62 85 61 18 78 40 6 78 57 31 75 5 52 46 81 32 17 31 99 32 24 94 39 34 24 11 99 45 40 67 48 78 15 12 10 89 19 66 12 70 42 12 4 26 96 41 2 29 26 36 32 92 7 79 81 8 20 84 64 42 14 51 46 10 80 17 21 40 13 90 15 58 7 11 10 4 98 0 1 69 16 12 61 11 25 48 95 3 92 32 85 63 80 2 12 96 77 
5 44 36 59 73 76 25 78 50 6 84 49 43 55 18 88 2 64 29 64 50 32 46 30 88 22 7 37 22 11 28 86 33 29 24 49 3 39 18 1 79 93 13 61 21 96 86 82 6 51 0 14 0 9 63 71 14 11 38 69 4 75 2 74 10 34 56 24 3 67 58 41 49 57 8 98 43 91 70 10 48 24 82 91 67 62 8 11 76 56 1 20 79 99 9 82 83 89 61 95 78 37 14 77 95 59 72 16 25 21 34 95 40 57 7 97 83 22 6 57 61 1 43 7 28 63 71 18 
8 0 66 86 60 48 44 43 44 40 21 88 91 89 26 99 11 48 94 22 43 21 37 99 97 14 61 9 63 40 86 70 1 45 72 33 0 85 1 5 17 46 68 41 32 96 94 48 7 35 51 85 40 20 73 63 45 19 54 2 79 74 40 29 82 39 66 65 27 7 49 48 75 19 48 16 8 17 2 27 50 93 51 50 42 7 18 14 55 32 54 19 69 44 7 77 31 37 80 73 20 23 84 92 55 85 18 56 81 21 30 7 95 37 49 34 96 17 48 63 17 41 22 3 65 6 80 28 
17 81 27 77 33 60 41 1 39 42 29 8 69 36 33 26 26 21 90 16 87 38 51 32 89 58 97 86 34 25 95 94 10 10 30 34 59 59 42 2 17 65 41 15 0 44 29 26 8 68 40 56 59 80 70 27 29 43 32 8 9 13 56 17 28 76 58 79 49 64 26 84 48 13 63 94 68 88 40 32 71 62 22 63 44 8 99 57 44 56 78 26 26 73 35 39 22 10 70 16 77 42 12 43 44 40 59 83 98 46 84 92 5 30 6 19 65 80 20 38 71 45 55 87 80 6 20 65 
80 70 19 41 68 89 30 71 14 9 51 65 73 78 47 1 96 70 68 58 42 72 99 62 24 98 60 11 56 11 11 15 51 67 55 71 50 86 42 47 72 79 93 1 55 81 58 48 2 13 64 40 8 7 38 60 5 28 29 94 22 93 39 57 37 65 41 33 78 61 5 13 24 20 25 9 69 79 65 90 90 7 99 35 43 30 18 93 28 85 24 49 45 31 94 91 60 0 18 87 52 25 31 43 97 3 50 79 39 47 92 84 92 64 21 13 67 85 43 29 43 98 31 27 66 50 30 48 
11 76 84 2 74 58 52 61 51 56 4 6 36 50 3 85 1 32 4 25 91 95 45 36 81 32 86 85 56 86 25 1 30 49 71 93 70 66 80 9 6 39 88 43 21 95 94 16 63 91 35 12 92 64 80 81 62 33 40 69 33 30 49 46 85 3 90 92 97 30 87 85 14 60 49 33 10 54 60 64 56 57 47 29 86 33 32 90 3 2 81 5 43 94 79 34 4 42 17 15 10 52 45 63 27 94 67 0 22 65 71 6 91 22 38 64 20 61 9 93 82 28 34 4 66 71 47 83 
87 78 37 7 26 68 86 13 50 27 47 32 54 13 18 2 72 2 68 25 75 29 46 63 5 69 54 15 99 8 9 23 47 95 77 51 81 57 13 55 30 42 61 14 97 89 40 27 91 21 43 64 87 29 73 15 71 99 70 53 74 23 53 87 91 53 37 87 94 96 92 27 51 55 95 49 72 47 10 54 40 91 6 66 7 96 96 67 88 80 9 74 91 45 95 47 74 68 70 55 78 21 85 19 97 66 16 41 7 43 45 96 40 37 70 26 60 67 73 93 52 18 15 62 21 32 42 14 
10 77 68 4 1 18 73 80 20 36 57 14 74 90 83 87 33 77 33 61 29 49 54 46 15 36 25 86 25 80 56 97 87 86 25 97 91 58 69 46 0 63 96 33 36 19 33 71 85 32 91 77 79 70 56 82 73 89 50 53 94 92 87 44 31 56 32 18 51 43 59 73 82 80 60 65 54 27 47 86 47 50 59 96 26 56 55 88 31 35 42 19 1 1 85 67 16 63 22 8 13 77 48 60 8 67 10 50 27 66 1 54 51 4 21 78 74 16 55 29 0 1 70 88 86 2 16 2 
76 52 73 94 51 41 76 28 4 28 45 5 76 27 6 16 29 56 66 97 6 80 0 30 68 70 50 73 24 28 77 72 85 57 92 16 31 67 90 17 29 31 90 33 85 22 92 68 86 3 49 87 59 28 26 80 51 92 65 9 73 94 33 19 2 27 8 31 17 50 48 59 39 9 80 34 45 44 42 49 16 26 10 63 84 16 80 46 73 14 31 8 10 41 90 85 91 63 72 25 94 38 97 10 34 28 39 44 26 85 23 33 69 71 50 70 86 54 36 79 66 64 48 67 22 24 48 74 
8 7 73 52 98 16 68 65 27 73 76 0 53 84 60 54 68 4 24 18 17 93 0 30 7 26 45 53 31 76 49 64 34 93 42 24 41 76 87 81 89 97 78 69 61 29 58 61 49 79 85 85 81 91 38 40 75 75 62 82 58 8 28 41 59 7 67 71 54 13 24 18 47 70 2 51 76 86 7 42 36 70 48 62 61 40 80 57 93 13 42 10 54 29 33 78 9 3 97 83 98 72 8 8 51 74 35 23 78 88 0 20 21 47 49 58 93 41 91 88 35 43 81 2 32 3 43 51 
95 71 35 43 61 64 35 38 56 71 45 8 49 6 81 36 29 40 45 0 63 22 99 35 80 73 11 25 96 25 56 52 85 33 6 92 62 90 18 98 70 23 49 82 39 5 98 46 90 59 84 52 69 66 48 0 73 43 85 43 61 7 2 64 43 20 37 56 58 77 62 54 70 52 15 89 37 20 35 98 98 50 68 14 68 69 30 96 28 69 35 77 4 47 70 9 14 23 68 37 41 74 54 90 14 28 45 26 38 85 60 32 28 52 60 7 83 16 53 62 51 39 48 70 33 22 73 1 
68 60 92 23 34 56 17 12 60 5 37 64 83 92 56 11 80 96 5 70 67 95 9 28 41 53 52 70 23 78 33 8 71 22 92 56 54 48 99 78 95 49 67 23 32 70 41 21 3 56 61 99 80 61 6 48 30 72 32 5 19 31 31 96 34 64 93 82 96 54 39 97 27 94 66 48 64 6 93 39 11 39 99 66 85 99 31 35 78 14 91 96 5 12 83 3 5 24 30 44 1 41 19 89 12 50 62 62 16 73 22 56 14 65 92 52 83 88 90 49 65 4 1 94 48 26 68 11 
36 61 60 19 29 53 45 74 14 88 60 85 43 91 22 83 82 66 43 68 6 61 61 42 59 26 3 11 5 16 72 1 95 59 22 33 36 63 99 72 14 76 95 5 75 75 30 15 53 98 41 6 57 13 1 69 45 28 36 31 95 23 18 96 99 26 84 92 93 3 75 82 3 97 23 71 74 37 78 57 46 24 13 71 81 61 46 87 6 75 73 11 56 62 77 47 34 6 62 23 9 52 70 13 64 53 73 54 52 26 38 29 61 34 51 22 90 0 60 84 5 49 81 54 38 50 27 41 
74 3 10 83 3 74 56 5 59 71 52 98 63 54 62 39 91 7 84 67 39 59 51 40 24 75 37 37 1 26 6 67 54 5 77 35 68 35 69 97 75 87 13 23 8 28 14 38 6 71 71 19 41 6 63 18 99 62 28 46 6 99 55 9 62 72 49 91 8 12 33 39 49 21 3 14 46 5 49 3 60 10 49 88 8 39 48 88 8 76 50 79 85 81 78 70 78 36 5 19 78 39 76 93 47 45 99 70 15 60 41 38 72 68 49 96 43 13 10 24 28 51 40 99 26 35 39 56 
39 93 42 60 39 28 65 84 11 87 64 92 96 34 4 51 18 46 3 83 3 58 28 59 60 5 45 55 72 25 58 17 87 23 43 29 39 34 6 92 27 31 34 66 5 26 44 62 14 34 48 15 19 54 48 28 99 56 9 2 96 24 7 2 4 2 41 54 18 18 65 88 45 37 94 6 57 81 79 78 40 17 39 2 28 63 16 41 13 42 69 92 97 64 18 43 85 34 22 64 39 20 84 66 32 33 59 79 25 66 38 52 21 95 29 23 66 78 14 92 22 93 9 17 45 64 7 15 
78 27 1 53 82 86 29 16 16 11 21 86 72 42 6 12 95 20 5 91 85 21 0 90 78 99 59 70 65 93 89 60 87 98 16 7 41 31 41 91 74 35 85 34 63 76 21 14 88 60 35 24 0 84 95 35 94 38 26 98 84 94 62 64 76 9 91 2 10 37 4 70 8 33 15 63 58 45 56 21 19 32 24 92 48 14 27 6 92 53 19 37 40 12 44 3 30 37 34 48 65 68 26 19 8 77 38 65 37 89 54 15 16 62 91 30 4 20 16 12 74 27 76 91 54 90 69 15 
84 39 50 83 72 13 83 28 61 51 98 96 55 91 13 70 23 91 33 83 6 89 66 29 35 14 13 29 45 41 87 3 61 69 23 46 5 16 79 26 39 4 63 97 32 71 84 62 53 92 77 94 51 46 61 69 35 69 80 82 38 4 75 78 3 16 31 98 96 84 62 45 46 10 94 51 14 6 62 49 84 63 24 91 50 70 60 36 14 84 60 58 97 96 53 9 34 97 24 78 71 45 11 20 34 42 55 39 75 92 37 29 10 82 0 42 89 2 85 97 73 66 94 70 34 48 5 72 
4 98 34 6 28 89 92 57 28 61 32 96 88 8 91 68 34 91 48 96 5 1 75 10 94 37 16 5 76 89 19 34 78 93 52 26 87 25 3 6 66 21 72 70 44 75 66 8 48 44 33 40 77 0 73 53 27 4 62 79 55 38 62 32 45 40 18 31 17 59 22 20 66 79 44 5 84 84 40 97 76 39 2 94 30 23 80 67 11 67 86 28 73 32 88 15 12 73 21 43 22 79 19 18 47 40 94 61 16 0 34 53 50 42 20 39 44 17 56 95 18 46 15 77 64 55 32 16 
99 18 64 77 22 88 83 34 53 86 58 83 27 74 84 38 47 19 45 9 74 30 62 42 80 85 78 45 53 2 73 66 42 93 60 86 96 27 18 62 36 99 75 6 54 35 26 69 93 4 36 23 54 99 16 29 89 92 57 44 55 77 53 36 1 41 4 64 9 71 88 99 89 81 21 39 49 34 68 2 6 12 2 86 21 0 90 54 77 91 0 55 19 73 46 73 40 49 8 82 41 29 49 73 14 46 12 49 75 60 57 33 93 6 22 80 46 48 70 69 73 14 94 29 9 14 45 30 
48 3 21 12 27 57 57 27 41 12 62 40 21 40 51 89 78 4 73 23 43 4 99 56 84 5 27 94 92 7 54 71 83 58 3 46 84 37 88 35 13 33 80 88 67 23 61 83 46 29 18 62 64 99 89 5 10 24 80 82 53 97 21 23 19 17 48 57 91 60 29 15 50 68 48 9 8 73 70 47 59 4 49 42 87 5 27 69 35 3 32 46 15 15 2 12 51 26 54 88 25 24 58 52 4 88 21 40 77 84 71 93 7 55 15 53 26 12 75 44 83 91 79 97 44 2 69 84 
7 0 89 56 82 89 21 34 59 23 60 0 90 55 13 88 96 45 7 58 53 25 83 29 31 78 74 7 2 69 30 72 32 99 52 76 66 52 91 8 64 48 4 66 66 4 34 26 52 6 25 41 30 47 44 94 13 89 36 12 97 73 96 91 8 67 95 79 4 29 69 23 5 15 89 28 42 56 3 53 6 22 86 3 47 35 3 29 31 4 58 77 63 89 73 83 53 68 74 84 89 83 69 11 32 3 44 60 6 58 28 78 82 5 54 7 40 72 74 87 72 72 63 73 46 50 95 30 
22 2 15 92 96 99 44 64 8 98 73 13 69 2 49 12 85 71 20 33 95 12 42 44 76 19 44 57 78 75 23 29 63 41 63 89 18 24 62 62 57 59 38 92 12 9 34 17 61 96 96 81 86 7 26 95 55 18 39 23 48 25 50 84 84 29 92 22 83 62 39 88 47 18 69 88 14 55 54 7 4 40 34 28 61 58 4 45 57 62 27 5 56 28 6 47 33 70 57 80 34 99 98 39 75 95 2 85 73 35 31 43 45 91 27 1 5 20 63 59 59 21 18 30 22 55 84 93 
78 48 39 61 56 4 45 31 75 18 32 59 30 10 91 25 92 37 99 72 94 66 67 58 71 81 84 59 29 54 64 87 12 91 97 31 1 36 31 44 77 63 79 23 56 75 8 4 85 94 29 46 28 84 83 45 87 0 45 55 70 82 90 81 42 91 64 61 49 16 67 70 60 50 92 56 45 35 88 14 60 18 13 22 66 85 85 2 54 0 70 78 24 3 18 7 59 92 82 88 99 55 70 48 76 71 18 6 58 97 16 33 50 85 59 72 89 54 79 43 8 79 2 44 92 24 7 96 
61 26 10 19 35 99 37 43 85 10 66 57 70 94 25 26 97 28 16 68 44 98 22 62 17 51 42 30 54 57 75 2 28 70 46 74 43 80 82 71 80 47 91 86 35 58 17 44 95 69 96 67 37 49 94 95 70 19 53 43 98 68 12 95 2 42 74 29 85 79 34 20 19 10 61 60 42 24 93 25 87 45 66 36 6 61 7 56 61 10 32 55 7 90 4 60 4 23 42 89 77 55 97 57 0 7 1 39 38 44 4 35 5 84 90 7 79 3 97 83 44 62 98 46 26 38 41 16 
23 26 55 56 1 29 31 39 74 55 10 88 97 71 72 35 65 11 57 53 81 10 28 45 26 58 39 45 94 33 76 37 34 81 93 93 75 33 84 66 45 88 77 42 4 65 28 9 92 72 26 45 8 71 76 62 19 57 48 43 88 18 93 49 77 21 2 17 27 62 51 62 61 23 1 33 90 49 67 33 12 93 29 91 55 25 53 66 35 45 36 16 88 54 68 77 36 27 56 90 11 56 82 83 98 92 6 1 72 11 43 58 67 20 99 43 76 54 78 32 7 17 12 97 69 36 21 17 
