16 16
4 45 59 50 42 86 50 95 75 22 65 68 30 63 2 52 
63 4 54 66 40 10 96 60 87 66 82 59 50 59 31 30 
58 69 1 4 71 11 81 72 35 55 12 6 18 80 85 43 
17 9 66 68 46 33 42 83 23 99 64 63 21 16 41 34 
93 15 60 14 89 13 39 50 92 59 18 0 95 2 16 92 
97 70 74 78 40 99 52 33 78 4 39 88 63 65 13 14 
59 92 8 35 32 48 90 57 54 68 75 33 67 87 69 12 
72 48 20 62 61 28 6 38 29 16 74 30 64 90 21 51 
34 80 10 62 83 61 27 62 86 43 78 18 16 18 46 34 
84 71 87 70 8 5 52 23 75 21 14 99 10 16 91 40 
22 95 2 1 55 55 19 76 99 63 87 0 43 59 45 55 
59 27 33 28 30 77 89 36 32 64 98 54 91 45 61 41 
57 80 35 66 76 57 24 92 49 10 56 77 8 74 56 90 
96 43 14 90 99 43 11 32 72 84 23 83 12 75 5 31 
93 80 70 86 6 77 16 49 29 80 10 14 66 59 17 43 
24 19 59 61 54 25 21 43 28 46 61 17 37 45 93 69 
