32 32
46 82 48 65 6 51 57 31 37 99 62 11 63 87 25 89 82 42 98 23 33 38 85 71 51 1 70 17 0 36 57 9 
40 94 21 77 98 66 76 15 25 70 88 90 51 28 85 82 14 39 7 45 1 7 23 91 75 46 35 74 83 31 47 99 
84 93 68 8 95 46 79 47 47 78 25 57 57 79 94 77 26 22 4 32 55 59 32 4 4 7 81 97 77 39 17 56 
25 14 28 52 60 87 83 19 4 69 65 61 32 79 73 37 54 96 65 89 95 6 72 32 90 7 80 83 29 90 74 8 
40 19 35 11 60 93 11 44 99 0 52 50 68 10 10 22 73 37 66 47 82 96 34 94 64 7 0 64 33 61 55 43 
28 60 83 86 53 32 19 64 53 89 38 88 69 3 79 68 92 76 11 44 82 89 66 3 63 11 5 19 13 1 74 34 
59 50 9 1 22 52 36 22 90 56 39 26 7 62 58 68 39 74 32 86 77 57 44 89 78 82 87 45 19 92 98 12 
10 76 29 15 88 5 77 51 54 84 79 57 83 47 11 41 65 26 60 34 6 56 73 46 99 44 62 34 40 79 1 57 
40 35 27 26 9 43 35 21 40 50 17 33 59 70 97 59 47 85 53 68 9 62 33 6 84 94 49 38 93 79 35 97 
67 55 11 8 11 90 85 74 65 97 15 94 1 63 80 11 40 46 13 7 66 39 39 51 33 96 22 21 33 62 76 17 
80 47 65 34 52 10 68 45 48 38 52 32 36 54 41 68 5 46 10 93 33 15 27 51 39 1 95 94 4 78 61 20 
47 23 21 0 74 55 51 75 26 4 59 10 24 7 83 2 70 48 74 56 74 91 69 61 74 25 21 67 66 78 34 63 
71 73 23 9 36 30 2 66 31 20 65 57 61 78 15 86 7 17 66 85 90 49 30 78 10 81 81 50 35 45 1 28 
29 82 66 83 26 73 98 77 54 26 10 29 59 91 16 62 67 32 18 15 88 70 62 52 38 97 33 71 64 81 20 93 
16 64 72 16 73 81 38 64 36 17 10 89 43 10 18 36 71 14 78 88 60 74 80 41 19 36 98 44 51 24 35 9 
21 59 47 61 63 2 50 56 61 45 57 15 11 8 34 32 94 63 94 78 42 70 68 73 8 79 28 39 18 56 45 37 
4 98 17 13 78 37 7 64 4 83 59 1 49 51 99 40 21 66 62 26 86 48 39 66 46 29 27 65 72 56 82 59 
64 34 96 66 81 36 77 56 26 90 56 16 88 8 50 10 0 23 77 4 60 21 0 98 53 51 22 66 89 72 7 21 
51 2 53 74 64 68 22 97 19 4 56 44 36 19 90 45 54 47 37 92 9 54 39 32 33 64 55 2 93 31 19 23 
58 15 76 82 7 46 9 85 94 78 63 68 74 9 59 46 45 66 32 57 8 41 61 36 5 33 29 60 73 59 87 19 
92 88 61 22 94 48 3 50 80 42 40 18 12 56 14 32 94 7 76 24 57 36 41 71 30 10 15 6 83 43 38 87 
87 34 96 1 86 16 10 56 69 20 25 72 12 81 62 39 12 39 47 53 28 69 88 72 55 66 59 2 61 51 80 98 
60 5 48 84 1 84 37 29 92 55 64 99 85 41 44 99 81 37 6 12 5 10 5 75 77 41 71 72 82 59 22 45 
18 96 83 12 17 58 13 3 34 48 98 59 90 42 23 56 45 14 73 8 24 81 45 29 8 8 4 34 86 19 19 38 
46 47 56 46 65 52 53 65 2 62 39 19 54 66 79 55 2 17 88 11 54 72 22 65 51 38 30 78 73 87 92 59 
56 3 86 25 37 72 22 48 82 34 67 96 6 67 61 51 54 43 31 23 73 69 99 7 51 0 77 9 7 95 44 64 
51 32 26 28 9 93 95 50 15 43 38 18 31 23 32 37 14 19 6 16 51 30 14 19 48 18 57 91 52 39 12 7 
68 37 5 2 21 90 21 1 0 98 20 93 30 52 33 3 65 6 73 0 71 58 39 10 38 83 54 96 33 43 78 78 
27 86 93 64 54 85 18 29 15 82 61 61 53 8 83 55 80 63 56 6 45 49 86 35 8 96 56 23 29 7 97 24 
59 41 23 94 35 1 97 96 25 8 61 9 42 65 54 73 47 87 18 53 77 18 20 58 22 84 90 2 36 87 90 70 
93 91 19 11 31 62 91 0 46 88 63 6 40 37 87 59 37 58 65 34 36 43 0 19 82 88 66 71 22 19 3 10 
73 90 73 97 24 27 30 4 5 53 5 0 71 11 5 59 51 10 95 96 96 71 11 43 26 19 46 3 39 71 92 86 
