64 64
59 33 55 34 38 66 72 65 28 96 58 56 81 97 33 86 52 49 57 7 75 18 56 34 58 62 45 99 66 55 26 67 5 10 27 37 90 6 46 73 26 40 40 38 58 98 78 48 73 9 65 69 39 48 24 19 72 62 39 76 22 60 86 57 
70 84 56 83 25 62 6 11 4 46 20 70 75 67 74 22 18 16 69 61 47 12 20 40 58 95 22 71 76 43 6 35 56 64 11 25 19 62 11 3 68 95 94 53 83 5 68 75 71 70 87 74 7 49 68 81 18 16 45 76 35 21 76 72 
8 66 95 78 3 74 83 10 32 50 27 66 34 12 38 91 24 11 21 36 80 69 88 98 19 30 45 84 80 74 54 45 91 85 56 7 2 90 76 22 75 35 34 99 77 52 26 79 81 52 99 73 98 26 95 47 48 92 96 31 26 58 25 59 
7 89 82 4 3 18 15 33 40 31 56 29 48 61 53 65 26 77 59 3 40 61 10 16 35 90 20 93 78 89 97 51 74 47 54 96 39 6 23 74 45 81 51 35 42 19 66 15 19 61 31 2 62 82 29 58 23 37 65 33 19 83 81 39 
15 74 31 72 86 77 70 85 5 57 81 30 63 58 15 79 32 0 98 84 38 85 12 63 99 60 89 44 30 15 39 17 5 26 1 16 71 89 78 39 99 84 97 18 9 86 6 67 85 19 24 39 37 94 87 93 97 28 30 37 59 87 45 76 
10 4 9 31 22 64 88 6 41 74 92 94 85 2 4 46 43 85 50 59 89 45 1 27 80 84 23 94 65 70 24 72 44 47 53 42 52 80 11 24 10 25 45 67 58 64 41 73 56 42 39 70 10 38 55 61 12 32 45 44 44 83 8 46 
89 4 8 81 36 43 89 47 34 75 20 45 17 10 81 2 5 59 87 26 31 85 81 72 17 57 62 30 65 83 44 56 88 34 7 95 47 26 56 65 57 76 73 23 65 81 47 71 2 51 43 87 37 42 3 86 98 2 12 70 8 58 53 80 
93 34 24 53 53 69 45 49 55 11 57 98 35 85 40 6 32 63 30 6 3 96 84 61 77 92 87 73 68 93 31 41 28 90 37 2 45 60 48 99 12 36 43 82 26 82 88 69 61 14 44 35 90 81 70 68 77 6 33 62 73 90 26 15 
16 29 57 0 16 79 77 92 59 32 67 30 68 96 23 19 30 21 41 98 90 23 11 43 26 89 28 70 61 18 90 62 39 68 41 21 73 70 19 74 50 10 65 39 49 43 88 8 20 83 2 78 42 19 20 46 52 84 59 29 17 16 46 2 
72 22 11 53 61 61 52 99 37 79 30 92 86 15 93 57 41 24 90 96 26 49 84 57 7 75 74 11 16 46 19 19 71 20 10 21 39 91 98 6 94 74 1 43 94 44 16 96 15 21 37 20 91 65 41 76 79 23 58 51 43 39 49 34 
8 64 18 37 8 18 89 59 78 47 26 14 54 86 81 59 52 69 71 73 13 79 69 32 85 3 98 5 5 30 4 74 67 5 0 89 67 72 83 18 93 23 2 65 34 52 78 65 98 4 65 96 79 47 81 84 35 31 98 71 71 21 88 34 
12 64 15 52 69 15 58 11 47 45 4 29 1 31 42 70 7 3 42 32 53 41 48 67 50 60 35 79 8 94 84 73 63 60 15 35 17 29 35 11 56 14 84 82 88 28 36 66 49 26 34 26 28 89 20 59 6 85 39 30 42 51 97 56 
96 90 93 57 52 15 38 40 84 1 94 12 98 41 53 25 34 7 66 50 44 54 67 76 95 95 40 71 13 58 51 28 47 73 23 11 45 77 55 40 0 98 95 66 35 91 12 7 72 33 81 28 44 6 30 76 90 29 34 91 70 64 10 94 
28 81 3 85 1 3 94 30 50 74 50 37 97 14 11 57 50 13 31 11 73 51 37 68 85 8 51 46 40 65 5 12 76 39 49 3 96 33 54 2 55 25 71 40 89 34 44 74 91 37 41 35 74 22 28 25 65 99 5 95 36 1 53 60 
93 22 71 4 73 47 76 88 88 5 79 20 86 11 64 10 1 40 57 26 0 72 50 70 63 90 51 79 66 48 74 13 64 11 67 81 48 56 68 89 43 52 60 49 85 17 67 37 59 39 33 50 78 27 52 55 45 46 14 10 57 93 92 27 
89 89 36 89 50 90 53 31 13 94 77 15 61 27 61 15 36 69 49 96 25 56 10 4 92 42 69 91 29 58 39 6 73 16 75 45 63 23 45 48 55 34 75 37 68 63 73 56 30 15 3 79 24 19 48 73 45 43 60 59 0 89 46 67 
34 85 86 81 50 1 46 23 47 24 64 32 94 72 73 41 88 84 25 44 96 16 30 11 42 96 63 54 79 16 86 80 73 95 7 16 72 58 29 64 3 93 79 47 16 29 43 0 50 8 70 59 85 94 15 24 49 17 83 3 40 73 7 71 
67 71 26 27 4 27 33 91 21 72 4 55 37 63 67 35 68 16 47 59 46 11 24 62 4 7 98 51 95 74 53 39 62 92 89 14 42 64 36 48 79 93 7 16 98 70 67 93 54 52 94 25 39 58 65 4 9 41 87 33 87 17 87 80 
88 74 82 48 48 77 60 40 39 45 17 33 63 83 49 50 8 34 73 61 73 82 82 10 95 92 59 59 77 83 58 50 95 10 16 98 87 98 2 85 23 39 53 3 79 84 3 95 70 72 60 54 12 88 2 68 33 51 60 34 72 20 6 10 
89 43 0 76 22 99 74 89 62 32 67 82 46 42 66 14 44 42 5 58 75 9 54 71 9 50 37 89 33 76 67 18 40 34 36 89 23 64 84 51 11 11 40 66 41 60 77 25 6 91 10 14 54 79 51 25 54 86 26 54 8 90 65 60 
6 34 74 90 42 32 47 67 92 49 59 86 28 68 19 75 84 47 34 88 26 19 30 0 35 82 88 86 83 68 55 67 21 11 10 87 28 61 96 90 52 1 36 2 74 85 63 28 22 62 53 76 35 25 58 7 2 7 41 89 85 5 10 27 
87 82 18 67 68 17 47 70 87 75 92 32 20 98 42 56 56 46 92 66 52 17 1 6 46 32 32 94 40 20 42 32 51 47 64 55 91 18 16 5 96 64 17 62 21 29 56 55 39 92 86 41 18 39 4 57 51 1 26 26 60 67 31 22 
68 76 71 7 49 70 35 29 57 27 29 96 94 76 96 69 65 54 87 26 28 74 31 96 33 31 33 84 78 96 32 66 60 55 23 22 1 46 11 52 57 89 36 56 86 72 28 19 95 51 56 29 23 12 74 56 3 69 24 57 46 92 47 23 
58 40 89 53 27 66 97 45 12 5 92 40 14 82 18 40 97 20 28 13 78 27 73 7 67 8 35 49 43 63 70 8 38 38 0 36 4 10 61 16 94 19 23 96 5 12 83 51 16 12 71 83 18 5 43 95 64 19 66 95 54 93 86 51 
44 93 32 42 48 90 91 90 39 4 92 17 8 59 35 6 66 79 25 95 55 92 73 95 18 19 14 97 42 78 14 19 95 62 30 92 78 54 18 29 67 95 80 31 91 23 33 21 60 2 35 24 67 38 79 79 9 63 62 16 7 42 92 13 
1 60 77 53 91 46 31 7 66 36 50 14 53 55 94 18 99 53 52 67 1 45 20 27 33 83 83 23 27 1 10 71 37 99 57 19 14 97 46 63 80 4 46 9 18 29 71 18 9 10 80 87 99 46 42 16 30 96 19 92 31 14 77 99 
31 92 30 24 8 33 15 81 69 63 8 69 43 84 5 98 36 16 11 10 17 57 11 48 81 77 16 36 70 15 93 55 35 43 41 24 12 40 54 29 25 52 28 38 48 47 79 13 30 8 34 53 16 62 24 53 80 18 81 62 69 99 57 93 
85 10 68 32 79 23 98 79 0 31 23 31 92 88 87 27 1 68 32 7 88 44 81 46 60 0 47 47 59 65 30 0 37 16 2 52 44 71 76 44 47 29 40 25 35 81 87 96 51 35 17 2 48 81 69 87 81 34 13 99 54 2 77 56 
23 54 24 36 68 26 76 38 36 53 48 71 18 19 41 84 86 90 2 27 81 36 1 52 67 45 47 25 6 46 59 54 11 62 76 15 71 57 14 59 48 11 98 11 25 82 81 68 1 48 42 77 90 20 81 73 63 52 53 94 8 89 27 96 
34 91 45 30 63 76 93 34 23 4 58 54 95 42 17 98 39 30 37 18 0 51 21 23 79 44 4 58 15 72 47 84 78 86 67 20 75 83 38 95 2 55 40 31 97 87 55 64 94 31 84 11 70 71 29 17 32 56 43 52 72 12 33 97 
48 6 63 10 9 77 49 82 3 73 52 32 34 81 20 61 65 35 49 67 1 33 96 66 95 52 42 77 15 36 3 19 84 64 32 68 9 52 78 96 15 13 59 86 19 88 44 5 7 15 2 12 68 69 72 56 42 33 93 49 3 71 53 46 
43 67 30 1 4 79 85 91 75 51 4 32 71 88 99 12 2 18 39 19 76 51 15 59 38 22 1 63 56 9 65 34 3 55 61 22 6 5 77 41 25 16 80 15 35 44 92 59 49 17 42 67 8 23 45 73 88 20 41 8 8 25 45 44 
25 97 6 3 82 76 59 1 3 87 45 79 86 78 17 24 44 63 81 53 41 69 84 23 86 74 45 28 12 21 86 22 90 92 40 68 45 6 63 27 83 53 17 44 37 88 64 53 83 32 79 1 54 69 10 6 94 0 42 78 70 23 88 14 
68 73 19 92 18 64 9 35 7 69 31 17 44 23 29 57 86 5 41 42 0 22 40 49 94 83 67 91 6 36 7 39 4 19 96 11 94 22 89 53 21 36 44 91 14 8 90 24 97 49 85 13 75 22 10 83 92 86 92 34 71 40 19 77 
67 10 34 87 88 76 62 30 39 93 7 41 51 9 25 30 76 81 97 90 54 47 68 79 87 70 13 13 38 63 47 68 95 55 85 18 93 38 57 24 75 4 64 84 68 75 55 51 47 72 69 56 65 47 45 66 82 86 11 86 26 41 80 89 
90 98 85 76 56 52 10 61 99 22 43 4 25 98 28 87 86 66 75 72 37 44 71 49 23 30 25 17 28 38 18 26 38 5 31 27 74 70 56 64 14 54 1 40 37 50 64 75 89 52 97 38 82 39 12 97 33 51 35 43 44 30 36 89 
77 42 18 69 50 3 45 97 40 88 29 77 65 10 63 58 44 14 98 49 7 32 20 20 7 40 30 64 33 85 32 5 2 53 66 74 29 45 55 93 40 85 51 11 68 44 56 64 63 38 18 90 49 27 45 28 67 86 65 60 79 38 52 18 
4 45 48 88 35 58 19 94 4 69 83 17 46 78 28 85 14 6 86 25 51 80 57 24 72 56 60 94 3 55 93 12 61 90 54 25 39 92 1 18 51 90 98 88 85 42 39 1 93 82 65 37 62 19 34 40 42 54 43 71 60 18 66 87 
8 13 79 89 45 97 52 83 57 7 27 68 86 42 96 64 16 73 39 47 57 48 9 33 76 1 71 78 71 21 33 24 40 93 12 26 78 46 2 31 6 85 43 20 28 96 45 83 44 19 89 43 65 34 89 41 52 77 23 56 88 86 4 25 
27 10 31 49 54 31 61 89 49 74 12 89 89 70 8 57 31 77 74 32 89 31 21 66 5 44 83 37 50 38 20 64 44 69 91 13 64 20 54 29 60 21 88 91 93 13 82 74 50 94 98 7 42 77 36 75 43 4 24 61 22 93 85 16 
55 45 96 44 72 53 40 84 70 67 18 41 41 93 43 90 94 34 5 40 83 30 43 47 94 5 72 11 79 59 31 25 80 11 42 31 84 78 85 88 19 35 43 72 4 82 54 85 49 18 64 26 57 36 54 73 34 90 73 27 5 56 45 19 
51 98 82 14 33 99 75 91 91 86 13 40 47 96 40 3 16 45 26 22 52 76 92 90 7 7 91 59 58 88 20 15 15 27 15 28 81 35 59 48 94 95 38 16 22 34 1 57 28 20 35 75 79 94 47 3 9 97 92 49 35 42 76 47 
66 33 89 70 84 20 49 11 89 62 70 9 36 22 49 21 63 42 11 86 54 66 61 57 84 11 86 50 15 44 81 17 71 0 89 43 41 0 60 72 18 68 99 34 45 94 92 49 87 24 67 91 38 92 55 3 13 81 1 65 47 76 26 48 
38 93 86 85 85 16 70 47 66 4 55 17 22 96 73 24 54 25 18 54 23 72 1 96 90 92 87 47 62 8 85 56 15 7 12 77 12 53 5 57 85 51 45 23 39 18 29 14 62 85 64 30 80 17 54 34 64 40 34 44 30 2 12 53 
87 2 60 78 20 45 58 56 99 16 70 47 39 1 88 43 2 45 74 4 62 93 16 17 39 51 5 55 95 11 8 84 60 59 0 2 64 73 56 58 56 0 24 59 67 17 34 4 13 80 83 75 4 95 89 3 83 51 80 65 70 15 92 3 
31 78 22 66 34 65 49 6 37 1 9 20 34 75 23 67 49 79 91 52 94 94 61 89 33 12 40 50 18 46 62 12 48 86 2 13 86 25 67 84 0 46 49 53 92 69 14 14 21 77 91 15 82 95 42 36 27 17 64 13 40 0 4 6 
15 51 26 36 17 72 59 92 70 12 90 80 59 15 44 52 24 14 81 32 93 38 67 59 34 10 12 39 24 89 35 84 24 93 16 63 23 68 57 95 80 45 2 18 33 67 21 85 92 99 7 78 74 64 11 74 91 64 60 84 41 33 63 37 
96 57 43 26 7 84 56 31 52 89 20 42 54 0 13 49 64 55 1 37 99 39 15 17 96 62 45 15 36 35 3 34 85 87 92 76 81 23 94 66 32 19 96 54 87 17 55 45 96 67 37 43 24 84 82 36 71 13 46 9 36 1 29 84 
0 45 21 5 3 82 9 91 2 63 7 63 15 60 0 7 84 50 93 26 66 70 26 40 14 36 12 98 65 45 87 68 38 54 20 75 10 54 86 66 64 86 8 36 71 95 88 1 35 40 24 43 4 95 89 19 87 67 61 97 28 77 74 65 
29 27 73 44 96 81 21 63 44 91 7 50 86 84 11 58 31 2 95 5 23 54 20 39 68 39 99 59 89 47 93 15 63 6 50 13 29 0 97 46 12 18 9 21 13 77 97 14 59 83 20 45 27 34 67 43 71 35 57 12 83 8 26 90 
98 11 65 17 8 91 11 20 82 24 53 17 20 71 81 97 31 72 65 87 39 41 82 15 58 16 80 95 71 24 59 74 11 85 13 73 26 46 56 91 68 48 75 69 14 22 8 39 63 80 62 42 75 61 33 39 19 13 50 1 64 23 13 19 
59 40 31 89 46 17 33 13 77 15 35 65 35 46 70 5 55 31 17 15 0 55 87 88 65 10 53 65 11 81 0 46 37 80 13 24 61 76 45 37 56 12 90 71 73 31 63 5 15 26 60 98 74 40 9 48 55 76 45 52 88 46 84 94 
68 43 77 55 59 94 58 55 83 20 91 57 5 92 90 41 3 24 14 94 8 78 51 29 19 90 88 46 58 53 32 50 58 22 23 2 99 5 46 43 89 18 46 43 17 43 33 16 0 26 7 12 11 90 32 50 0 81 0 35 33 24 17 64 
93 87 37 48 25 59 43 38 5 22 75 91 89 47 70 42 52 99 28 28 26 4 22 67 82 36 84 2 14 9 3 28 31 57 53 86 26 30 93 82 69 17 47 31 4 31 54 99 4 48 44 53 78 83 15 32 13 39 96 0 16 18 78 56 
35 73 42 48 85 64 70 93 12 14 73 79 95 52 0 96 92 51 71 88 62 41 60 85 88 35 57 0 32 29 37 45 81 78 20 5 15 22 0 46 14 6 1 33 33 19 26 43 84 95 78 33 11 77 8 87 41 96 58 23 38 55 2 4 
24 4 92 18 0 20 96 33 19 96 80 59 39 86 94 14 17 73 68 23 88 10 9 64 51 44 55 17 57 81 87 20 42 68 41 90 19 6 34 54 91 64 97 21 12 94 73 68 93 4 41 23 14 82 93 70 86 65 5 46 70 45 12 69 
22 50 67 91 61 92 78 98 22 27 56 93 33 23 90 73 81 73 9 0 32 55 89 48 34 19 31 73 76 20 7 35 28 4 31 55 97 26 15 87 16 80 65 45 98 69 59 33 58 26 77 8 71 22 85 10 19 49 1 95 80 9 2 34 
80 52 24 26 20 7 27 55 53 12 29 49 66 0 38 16 62 50 64 45 91 27 57 60 33 43 31 15 41 54 31 54 90 42 62 73 1 49 24 21 57 70 39 82 41 47 76 87 39 98 18 67 99 83 28 47 28 90 78 34 7 66 60 84 
70 5 9 32 24 35 22 73 48 62 67 96 12 4 85 81 51 45 47 43 95 12 63 53 64 81 37 28 56 4 17 15 4 21 98 87 71 16 23 79 10 29 26 7 47 22 93 1 28 56 8 57 68 30 90 16 14 64 60 76 42 90 72 51 
76 87 7 29 84 65 89 11 75 62 59 34 5 56 83 57 76 30 56 29 86 43 37 87 28 92 39 39 65 2 51 48 18 86 27 3 39 59 81 2 87 62 10 18 98 67 8 92 85 31 47 18 56 2 75 62 3 21 7 97 86 74 43 2 
34 67 71 60 61 64 35 6 75 64 15 75 51 28 48 47 85 84 18 89 18 10 30 65 71 49 95 61 64 72 16 65 8 73 5 29 57 73 35 13 5 76 39 88 96 57 27 84 14 36 96 85 26 45 92 44 72 78 76 72 56 9 10 62 
12 68 36 30 72 74 52 86 6 71 21 50 36 95 93 57 27 75 1 87 49 85 66 80 71 80 88 62 65 53 28 47 98 45 36 3 74 71 76 21 3 36 5 16 92 34 41 96 15 34 34 19 5 80 51 32 38 6 77 30 20 72 83 38 
74 91 34 83 18 51 33 86 26 4 8 67 67 94 12 71 20 93 85 48 26 60 61 79 30 12 46 85 89 14 23 6 93 59 29 39 84 84 84 62 4 66 5 43 70 2 78 41 49 7 96 32 0 62 90 83 52 47 68 51 83 30 52 99 
81 48 77 70 29 41 88 35 54 66 92 88 96 80 95 19 6 52 43 92 49 2 99 87 34 86 33 3 95 38 14 50 75 26 98 45 93 73 55 71 14 93 89 41 98 23 10 31 2 36 12 55 84 72 16 8 22 62 83 90 76 60 88 33 
