128 128
71 85 47 63 21 25 24 80 80 84 81 47 2 96 50 25 48 86 23 2 76 14 13 10 25 21 83 65 93 2 76 56 39 1 42 76 17 34 48 38 92 1 1 58 59 80 6 58 59 44 10 75 94 86 28 6 19 61 97 48 89 64 29 76 74 17 13 46 37 17 71 41 85 93 75 94 76 10 77 61 36 13 51 86 24 49 96 40 4 29 3 26 88 67 84 43 34 95 53 0 10 90 14 85 11 86 62 56 37 3 4 25 7 60 63 43 27 28 6 38 4 65 12 92 32 83 24 82 
50 45 85 34 27 16 95 85 62 85 98 75 54 30 59 28 5 39 24 55 62 19 4 90 15 53 85 41 93 39 15 4 82 85 82 88 2 60 63 38 86 47 12 11 86 96 14 36 16 52 33 5 26 81 23 25 85 73 93 45 29 55 91 51 2 25 31 35 92 65 78 0 11 2 7 0 81 0 45 98 86 97 11 70 71 54 67 67 71 49 25 1 34 44 73 45 95 47 29 30 5 32 60 43 26 60 88 47 53 63 75 9 14 57 89 56 0 55 87 72 27 13 87 40 68 10 21 11 
27 6 54 45 60 73 52 27 2 4 46 51 76 73 26 3 0 87 32 81 70 96 29 8 83 9 98 34 69 92 64 97 60 70 13 33 18 2 0 83 42 29 5 4 26 28 57 58 85 57 90 96 9 64 4 98 62 45 55 31 99 91 64 82 81 98 47 53 66 78 79 84 84 21 6 15 5 91 43 43 27 70 42 94 40 48 87 15 76 65 32 24 94 18 65 20 46 36 74 21 57 95 64 62 92 10 64 95 23 8 61 82 52 98 29 82 24 11 4 83 9 49 73 8 12 73 25 57 
63 19 2 57 51 21 81 61 16 90 8 24 76 83 60 94 66 89 58 36 9 66 5 93 2 38 13 75 99 66 19 70 64 23 10 22 80 45 96 0 85 96 49 34 25 57 74 4 39 2 54 0 94 52 80 63 41 90 64 77 79 39 95 54 54 88 2 95 15 91 54 13 96 96 32 74 2 6 96 40 74 47 52 87 0 90 23 7 8 6 19 51 73 8 84 31 43 46 95 44 65 94 87 94 64 6 52 75 7 41 26 90 23 11 96 27 71 23 91 30 74 94 21 0 5 50 76 67 
21 93 56 86 45 71 79 76 65 57 73 21 43 15 32 6 7 94 19 31 50 16 40 40 43 39 50 77 11 44 97 55 7 93 97 83 76 41 14 70 11 95 4 56 99 43 85 3 20 24 4 8 14 29 22 64 59 79 71 96 86 67 84 59 37 62 55 37 98 0 52 34 22 63 60 93 15 41 15 67 36 33 40 12 27 81 68 75 2 80 56 87 31 54 97 67 83 92 25 76 75 70 61 86 23 33 65 71 22 99 37 4 18 13 98 34 36 72 52 65 1 56 67 14 38 98 0 18 
62 51 44 14 46 0 69 19 48 77 68 55 57 82 86 50 62 36 14 2 14 31 21 38 39 8 18 7 58 67 25 77 64 15 67 81 91 81 27 9 87 71 41 91 83 53 44 75 36 47 37 69 72 38 54 94 15 93 77 4 88 24 40 40 83 96 99 13 80 18 33 51 47 95 66 93 57 1 9 77 92 24 66 86 72 76 1 40 55 10 15 88 71 42 13 23 70 78 59 8 27 78 73 74 28 5 41 48 51 57 10 2 83 16 42 85 68 97 88 86 82 82 4 11 20 92 92 5 
69 21 67 8 92 75 72 2 34 33 18 1 45 47 75 83 55 47 92 10 92 22 16 10 81 95 85 98 3 10 0 44 44 62 4 24 93 85 63 59 17 71 68 95 58 47 68 15 30 41 40 14 65 3 61 20 22 79 97 80 48 5 11 82 87 75 81 8 48 69 64 73 14 99 35 2 95 74 61 37 35 7 83 88 67 67 27 2 83 52 45 33 74 81 67 48 55 45 10 61 86 54 72 11 27 18 8 10 47 71 10 56 66 71 12 16 62 83 54 62 78 53 52 21 78 45 21 33 
91 0 16 74 90 73 75 27 94 74 70 51 47 39 7 93 63 2 64 19 89 50 62 53 81 93 50 1 51 58 66 75 42 93 47 35 61 14 60 87 42 40 90 26 75 94 52 40 79 69 14 55 77 5 15 91 63 46 36 88 6 87 92 48 98 98 29 44 98 0 65 43 83 80 35 78 31 99 92 16 84 18 39 26 41 67 73 28 25 35 81 86 75 73 28 77 59 21 41 94 71 0 57 13 14 83 5 16 6 47 89 35 84 78 94 36 30 41 99 31 77 44 26 68 73 44 18 62 
7 40 96 32 2 21 55 79 81 63 17 79 60 81 93 87 66 18 91 99 8 3 71 81 85 61 70 17 33 31 22 54 43 5 16 10 23 11 5 54 6 33 38 99 3 5 93 69 50 88 90 9 46 7 87 58 59 70 49 37 63 6 63 19 64 34 68 29 72 15 5 38 95 78 85 68 85 53 90 28 44 38 13 54 6 72 77 94 53 22 72 60 58 2 87 23 77 73 73 84 91 45 20 95 82 0 61 94 47 70 86 26 80 83 85 36 97 20 11 89 50 23 6 75 96 62 73 27 
37 68 42 75 68 8 94 16 18 33 14 6 12 19 42 89 7 62 84 1 70 71 14 58 18 48 64 1 38 11 64 62 87 37 84 34 40 61 72 79 60 3 37 7 49 9 6 22 71 9 57 12 23 86 34 26 65 45 77 94 7 21 89 82 60 10 38 30 39 3 43 46 18 24 29 26 82 71 18 9 62 42 25 81 96 97 43 29 84 2 45 79 29 99 5 65 29 61 17 70 77 91 2 66 86 50 51 10 2 26 21 34 75 75 75 9 67 99 61 19 18 47 65 31 44 98 34 0 
91 73 43 30 1 77 12 10 26 83 50 23 54 1 53 68 98 47 92 11 62 77 23 91 62 21 52 78 94 25 29 63 20 74 43 99 88 84 85 55 16 13 27 37 2 74 56 0 28 34 71 75 22 2 95 87 34 86 99 48 49 60 62 21 26 27 18 32 73 56 84 14 15 98 56 20 25 29 52 26 83 7 12 90 46 55 80 41 29 99 89 94 45 21 57 92 32 42 38 81 66 78 79 9 3 89 28 17 44 39 39 70 80 48 8 2 23 55 57 46 44 24 83 55 7 45 2 66 
34 10 63 82 16 85 12 80 65 85 16 35 83 96 15 40 36 40 10 69 61 98 87 17 41 1 16 55 3 11 40 0 61 87 72 8 30 94 49 53 11 84 74 75 57 39 6 31 70 67 82 55 31 30 87 64 74 27 20 31 61 80 97 58 43 5 45 50 46 61 12 86 51 77 70 7 91 64 77 44 62 65 49 42 66 21 3 65 9 72 56 49 12 35 76 31 42 64 27 92 77 65 6 76 32 64 91 89 72 84 12 87 56 98 59 0 97 43 80 61 56 1 11 63 93 22 20 12 
45 12 53 75 54 91 35 87 97 81 81 44 82 79 51 88 49 6 3 84 66 97 90 91 94 18 13 37 76 1 6 73 95 49 15 6 18 98 47 3 13 99 57 29 98 92 65 54 27 17 57 19 27 34 5 41 3 72 79 17 52 53 79 82 71 27 86 5 45 6 42 87 93 32 54 87 3 4 88 82 20 91 13 60 92 71 69 49 56 57 96 93 54 33 5 51 22 18 69 48 7 49 72 24 6 3 97 74 47 74 71 20 67 20 0 19 63 68 29 68 95 83 53 81 21 46 21 71 
65 26 33 36 79 80 92 74 53 84 56 58 99 51 57 20 60 64 82 96 37 44 15 78 78 64 13 43 63 48 63 47 53 79 45 72 57 50 44 41 25 99 78 36 39 38 32 62 15 47 42 7 21 95 9 67 68 6 25 5 58 86 7 51 76 9 2 72 27 77 58 20 73 84 53 71 70 92 26 97 96 21 60 17 5 54 33 2 29 39 24 90 2 72 84 35 44 96 71 16 99 53 36 13 7 23 93 3 65 84 64 78 36 14 24 33 58 69 29 76 29 17 86 98 96 11 32 59 
64 76 56 85 50 91 76 98 23 36 66 48 83 19 58 1 45 91 63 88 24 99 34 45 24 94 56 18 32 99 14 70 45 46 38 54 7 90 19 88 99 87 81 83 49 36 36 86 37 70 37 41 30 89 25 29 30 80 81 69 61 7 37 25 25 88 28 55 27 19 25 46 5 57 30 47 63 68 82 16 19 44 41 71 69 22 36 16 12 86 34 43 73 36 99 88 53 95 70 57 86 93 78 26 7 84 79 20 97 71 0 76 11 41 59 85 28 39 56 29 53 3 66 0 45 69 6 59 
50 11 29 51 55 33 86 22 31 5 23 19 66 20 50 87 93 14 52 4 48 31 8 41 53 25 73 93 60 27 87 25 83 13 89 69 43 71 25 47 92 84 27 19 34 19 48 38 46 61 23 50 65 7 38 52 0 83 28 77 44 81 34 3 96 71 88 0 10 22 67 33 70 26 49 92 55 89 37 88 48 59 24 74 7 98 1 70 82 49 78 44 62 76 75 5 73 7 13 38 19 11 91 31 93 77 85 30 23 14 35 35 21 61 96 49 49 53 1 50 7 94 68 23 53 95 74 75 
18 7 85 85 7 81 43 59 34 38 93 70 43 53 36 20 56 21 98 65 88 51 73 41 20 92 13 61 62 99 71 16 88 53 38 21 57 80 21 91 15 26 64 11 30 23 53 3 53 53 19 20 71 93 90 31 23 22 57 6 97 92 62 14 45 51 64 0 95 42 67 80 98 15 35 85 97 11 11 60 44 19 14 25 47 58 33 8 6 84 81 58 9 73 78 31 7 75 73 44 3 48 79 1 14 42 28 25 64 78 76 59 73 49 56 97 20 99 4 32 28 2 40 58 87 26 41 0 
13 15 96 20 1 84 22 56 27 56 71 66 6 47 33 19 65 66 32 27 9 36 48 86 33 48 59 25 19 60 69 8 91 37 38 21 86 70 76 95 5 63 42 72 24 63 62 21 86 33 10 75 43 8 21 75 50 42 57 51 24 19 76 61 1 43 65 73 38 34 69 27 61 65 52 23 6 61 2 25 74 44 79 53 94 12 11 43 61 80 62 13 47 30 52 85 4 51 25 98 69 74 49 16 41 8 46 84 59 42 71 34 28 90 6 62 85 47 54 74 56 90 31 38 40 77 82 73 
38 20 56 44 26 53 56 82 63 66 42 42 28 45 12 10 32 2 15 45 1 5 70 75 62 64 99 26 70 10 30 61 49 93 21 93 38 29 62 88 78 22 40 13 93 59 48 79 94 6 19 74 74 63 66 48 90 18 19 1 62 62 76 1 28 96 9 19 73 18 62 27 86 63 71 86 45 63 41 58 11 5 54 9 16 69 80 79 79 25 6 36 80 35 72 56 67 40 2 17 74 5 10 47 31 3 67 56 53 86 61 63 89 79 38 51 30 30 86 68 46 27 12 78 99 29 82 59 
66 33 92 8 26 29 72 24 45 9 17 71 97 32 45 73 62 51 33 43 8 47 46 93 84 29 42 99 92 71 10 26 97 7 26 38 80 64 45 29 77 40 84 67 32 64 6 54 9 87 23 85 79 99 6 96 22 55 20 84 19 18 99 89 89 90 76 25 29 67 90 39 9 58 36 45 59 75 78 56 2 98 31 54 27 31 51 59 14 1 36 51 11 94 31 91 4 6 39 80 21 44 13 39 75 50 70 8 34 8 22 52 25 28 85 61 48 26 21 48 22 48 44 6 49 89 36 89 
84 50 86 36 91 23 95 14 98 8 81 80 44 47 50 33 59 53 2 74 61 97 40 15 5 6 52 41 73 78 4 80 8 16 61 60 25 75 92 3 94 88 14 89 50 85 25 93 98 57 73 2 35 56 0 6 44 97 87 50 50 15 9 17 48 87 41 52 76 77 80 76 44 14 92 32 51 50 81 74 76 76 67 3 18 98 1 3 49 91 25 3 77 8 40 31 40 68 17 48 47 96 54 15 14 17 12 44 53 97 53 1 72 10 35 39 37 71 10 63 41 41 99 20 81 90 93 52 
69 5 94 53 44 73 36 34 18 19 89 62 33 31 84 38 34 3 37 38 9 60 81 82 9 84 48 71 8 41 0 14 49 27 83 58 4 35 97 61 22 47 11 40 82 23 8 12 26 11 70 42 6 53 49 72 92 22 13 26 99 20 1 58 74 86 41 71 58 47 4 30 72 97 47 8 26 26 87 17 40 15 61 49 95 61 53 48 98 73 76 16 37 95 28 3 75 62 3 17 3 52 14 47 39 25 48 77 18 75 34 51 89 69 15 2 29 0 94 35 43 63 76 49 0 43 52 32 
80 11 25 82 63 87 44 41 31 44 63 92 37 35 41 11 63 26 83 38 3 96 97 45 19 26 91 46 25 84 75 28 41 1 8 16 57 3 48 52 5 40 11 84 41 82 44 80 64 14 29 35 78 66 72 2 91 49 41 78 31 89 36 92 10 73 39 55 14 97 11 20 15 46 0 65 59 91 83 32 51 49 66 27 54 24 88 90 69 31 86 13 51 27 26 12 92 29 10 85 90 57 53 64 11 46 51 79 74 58 10 9 20 16 98 50 15 10 29 32 63 30 31 79 33 33 54 96 
78 74 98 72 76 18 98 13 56 64 79 86 76 8 49 76 43 5 75 50 88 31 63 9 56 17 0 81 25 64 32 11 15 65 91 99 17 72 58 23 14 0 76 55 86 61 24 9 41 50 51 17 2 52 65 1 64 32 15 30 58 75 1 58 73 68 59 67 25 12 32 30 41 59 55 98 95 72 18 40 12 45 18 22 72 80 29 8 23 98 23 74 61 91 71 73 11 29 73 75 39 98 10 26 53 3 32 5 88 89 49 48 46 31 83 69 39 48 42 61 89 77 89 54 33 79 35 36 
74 34 22 3 32 77 51 38 7 57 78 74 93 69 7 62 2 1 14 91 15 52 51 65 43 76 15 5 51 96 52 43 76 8 36 71 88 77 14 95 33 2 73 32 17 68 21 90 60 17 96 47 8 27 38 8 92 71 21 27 71 66 36 33 59 88 39 44 38 48 68 49 61 52 97 19 14 1 35 28 40 81 52 41 85 85 41 74 23 14 86 52 72 76 2 55 54 85 13 88 95 71 46 16 70 73 59 56 21 65 74 91 54 15 6 66 22 83 29 67 70 53 18 93 99 78 57 5 
92 78 17 6 46 77 26 99 0 91 43 1 93 83 44 29 7 41 35 72 49 20 70 78 69 0 29 73 84 89 39 67 47 85 28 11 73 83 73 15 87 43 76 40 4 56 98 88 49 98 2 86 4 94 68 36 18 55 40 44 86 5 46 32 11 32 12 1 97 72 39 52 0 10 58 21 78 95 79 40 18 9 72 73 20 34 79 77 6 18 35 91 98 1 95 69 94 85 65 75 1 61 88 86 1 43 82 35 29 65 61 55 81 96 24 11 4 82 95 57 74 25 97 61 12 65 75 58 
82 27 69 73 23 49 15 17 68 81 59 10 79 93 99 11 22 78 83 22 77 54 16 87 85 68 50 42 19 14 60 43 45 73 91 80 24 2 6 36 88 6 9 22 8 96 40 74 73 90 4 89 51 13 89 16 7 19 79 62 64 16 87 88 17 1 76 50 40 36 32 56 49 84 89 87 10 86 26 14 3 58 23 49 81 0 28 73 76 14 7 86 79 34 72 56 21 38 42 41 78 20 76 89 31 1 94 26 27 70 99 79 30 73 17 20 12 34 51 51 40 85 86 77 71 53 58 44 
61 4 77 21 91 18 24 39 62 32 97 34 71 36 76 11 60 43 21 49 64 0 12 33 31 41 21 75 49 80 99 80 22 11 72 25 58 81 98 62 39 53 97 48 87 5 10 76 40 68 52 88 48 89 85 77 54 44 87 69 45 40 62 44 22 87 11 57 8 53 39 37 24 51 79 14 67 93 43 75 34 36 12 66 29 42 95 9 72 63 85 93 66 24 38 75 95 71 11 73 13 91 11 25 47 48 61 42 31 95 12 76 30 71 28 54 59 86 6 14 45 95 54 29 73 49 5 35 
39 69 47 61 37 39 6 78 15 47 22 27 6 80 92 83 1 41 62 48 65 66 6 99 73 14 47 5 54 71 93 78 80 64 95 58 47 16 88 79 8 36 51 82 57 15 89 99 5 86 90 48 64 89 43 95 44 9 75 79 88 52 19 40 90 72 48 15 55 71 9 86 74 7 27 14 92 0 26 66 40 70 76 91 68 96 69 29 70 33 74 57 20 27 80 51 3 33 53 93 83 87 93 21 38 48 91 3 98 17 71 18 33 45 65 92 68 59 72 2 4 84 89 39 93 38 26 73 
20 88 79 6 41 65 28 49 90 31 21 69 56 95 11 71 44 3 37 75 77 97 67 6 24 20 59 7 68 9 34 60 34 67 97 56 46 92 61 2 20 88 76 97 85 13 75 35 41 24 67 77 22 18 44 21 52 91 36 99 97 37 47 10 47 95 96 50 9 1 90 91 83 23 13 38 27 84 0 92 52 20 51 85 24 91 1 54 47 55 13 58 20 30 3 47 21 48 47 77 95 63 73 25 19 20 43 88 95 47 84 67 86 79 34 95 59 76 96 90 85 62 22 24 72 7 45 17 
55 14 30 40 4 71 43 13 0 87 23 87 72 36 96 4 9 41 59 59 3 92 79 45 98 78 89 6 34 41 12 74 14 29 42 83 35 44 56 64 22 84 0 36 76 55 72 87 79 95 62 46 31 56 55 31 11 17 73 91 9 27 66 59 64 38 54 94 17 43 25 29 38 47 14 38 8 41 56 15 55 79 0 3 32 39 56 19 34 25 3 91 14 82 41 72 70 59 82 14 70 0 96 47 27 4 66 5 35 57 44 30 25 38 8 10 25 50 14 23 61 17 49 66 49 17 95 61 
9 61 87 29 89 42 6 57 56 19 11 62 58 56 12 30 9 5 99 56 52 48 89 73 71 96 86 37 14 57 62 69 68 33 33 98 95 53 98 48 43 85 38 80 41 50 43 64 28 38 4 56 18 22 29 58 12 68 7 31 72 13 27 65 87 37 38 38 72 22 46 56 28 52 34 79 44 6 7 31 48 70 19 74 14 43 9 17 72 56 23 68 51 62 42 57 22 42 29 79 71 25 93 44 25 49 3 59 22 13 67 77 95 18 37 50 22 92 99 96 72 8 99 73 93 91 55 89 
57 89 87 84 93 89 6 45 79 33 54 45 11 98 50 8 48 16 9 77 7 68 49 93 30 76 38 21 92 25 6 93 29 92 98 77 90 50 3 32 43 46 70 8 49 33 49 17 27 34 88 42 64 8 1 85 16 28 57 84 81 83 59 56 12 29 98 55 97 46 26 86 60 93 8 56 2 96 72 15 0 50 77 5 18 92 37 92 25 72 2 42 99 66 13 47 60 94 57 41 83 90 32 62 78 75 71 10 15 40 48 52 99 50 33 94 49 55 46 50 73 79 60 88 79 78 10 14 
56 9 34 79 35 81 65 3 61 42 19 25 51 64 99 90 25 88 83 42 72 1 60 2 40 59 44 69 41 14 48 25 24 45 50 73 3 12 65 28 29 64 57 61 91 97 49 86 60 42 55 44 81 55 79 33 62 83 52 9 56 46 5 55 44 53 87 60 81 98 60 94 58 3 88 54 87 66 36 16 10 11 70 49 41 25 19 63 36 19 40 13 97 31 19 93 37 47 65 75 57 49 14 73 89 69 77 37 26 12 43 48 10 50 79 59 31 50 24 56 60 4 87 64 36 37 31 55 
41 90 74 62 92 73 35 96 12 16 95 89 1 38 70 73 4 69 34 52 45 10 74 75 96 80 33 2 64 67 25 73 66 61 9 30 18 31 59 17 13 78 54 10 28 62 92 80 56 11 52 75 99 79 45 45 71 32 62 23 34 58 29 71 91 6 87 26 59 58 81 98 27 50 59 17 74 52 27 33 19 80 45 13 27 14 76 78 81 12 20 44 26 5 79 92 76 8 38 82 82 83 11 20 22 35 38 5 44 69 81 0 75 23 55 65 51 25 73 6 10 36 88 68 15 9 83 93 
89 7 66 22 80 74 43 38 83 79 13 90 74 21 51 77 62 94 69 43 99 56 82 53 39 72 32 55 78 33 49 2 34 43 22 43 52 86 31 42 60 25 46 20 63 3 65 19 99 72 8 71 1 90 44 82 6 77 59 74 95 94 4 83 84 92 26 96 91 27 81 98 11 28 1 56 96 87 27 67 58 25 74 86 83 88 67 2 85 37 94 31 89 27 6 15 89 21 31 97 73 30 14 91 7 6 53 25 24 42 93 25 83 61 6 38 33 46 95 5 51 69 84 48 29 53 9 96 
75 40 48 99 30 31 30 17 8 66 66 3 1 52 99 89 51 88 41 62 25 71 64 87 0 14 41 9 90 39 47 36 61 20 37 80 41 73 93 96 62 36 5 6 85 84 85 74 88 6 2 19 53 35 82 64 32 30 38 92 42 78 14 36 83 69 39 50 10 5 79 15 41 76 73 19 20 87 11 49 12 55 74 83 73 63 93 43 71 50 43 11 58 58 7 67 29 63 77 61 55 6 36 79 89 30 26 77 63 40 20 6 10 99 64 89 78 14 1 1 10 75 26 54 37 58 38 63 
80 83 4 51 30 9 59 84 27 26 77 1 22 88 42 97 58 66 44 69 56 29 81 74 71 31 98 35 37 22 15 82 54 67 67 94 64 89 26 58 26 48 18 9 37 74 47 58 92 76 35 68 31 12 23 97 20 72 96 16 43 15 34 21 29 12 11 66 80 71 51 33 62 64 19 51 39 67 89 40 80 65 76 81 46 58 77 4 76 40 42 24 95 5 79 99 96 46 63 25 39 38 96 52 99 34 31 66 93 18 98 92 31 58 16 68 42 52 53 85 27 21 31 87 20 31 13 14 
47 85 47 65 57 55 47 0 81 66 23 7 10 76 15 38 51 85 14 13 54 85 77 45 10 1 56 74 15 2 10 32 50 33 72 29 89 45 17 41 52 88 49 53 11 84 20 6 58 91 51 37 64 93 34 24 7 38 92 0 59 9 96 18 9 51 73 33 52 5 82 82 69 0 4 60 92 75 9 7 75 48 41 11 22 86 76 69 0 63 0 85 33 92 97 76 49 65 2 74 14 87 18 57 50 70 33 84 97 57 62 74 30 9 79 79 20 73 71 74 67 55 83 29 73 21 59 30 
93 64 80 79 50 86 21 68 29 59 3 65 61 33 59 31 7 44 58 34 43 36 15 57 38 4 97 41 58 5 43 95 20 17 11 44 93 6 3 20 25 45 23 4 29 83 87 30 75 2 0 34 15 67 76 7 4 81 23 76 74 95 69 45 8 34 86 21 35 64 12 37 78 85 20 33 8 68 44 31 40 92 89 41 23 74 9 91 18 6 4 90 22 49 21 90 12 60 5 31 71 20 35 46 5 19 62 30 63 36 84 85 12 12 60 3 81 63 60 3 14 23 21 0 29 91 7 38 
13 96 64 85 58 9 54 77 48 92 10 9 70 22 69 13 50 44 25 87 38 69 75 29 65 23 57 45 33 50 31 43 29 44 28 75 56 8 79 24 85 54 79 49 68 83 49 91 74 62 73 20 57 2 4 74 56 20 40 77 27 61 13 75 22 22 9 42 80 64 24 0 38 10 10 94 86 34 93 71 0 28 11 81 56 82 21 78 94 33 11 88 50 69 33 67 30 60 89 33 43 97 71 29 25 37 82 29 0 20 25 81 48 80 91 99 52 58 23 56 43 54 45 19 99 50 50 55 
91 24 47 48 9 57 17 86 1 73 99 8 17 80 37 40 19 24 18 52 80 10 7 86 79 43 87 1 58 63 30 87 40 93 16 95 33 85 26 80 19 60 10 45 54 63 61 1 35 15 55 23 61 73 63 98 38 96 28 42 6 80 19 98 10 90 18 59 16 52 98 83 73 56 47 24 23 24 29 28 74 84 47 44 43 47 11 89 29 45 60 39 28 58 78 98 79 81 13 83 33 40 41 95 88 67 60 28 75 68 25 84 99 21 37 76 45 61 45 23 18 82 44 71 0 77 39 21 
53 9 76 27 1 97 23 68 81 76 59 57 3 38 97 59 74 29 78 50 20 75 64 39 71 7 40 90 97 12 43 79 34 25 39 32 48 4 71 53 87 62 12 95 35 43 36 3 55 55 61 98 76 48 80 94 83 60 10 32 20 32 4 94 56 35 78 57 30 36 55 15 2 55 42 22 54 74 84 65 79 93 98 21 8 93 40 16 70 66 40 78 25 96 74 80 26 34 90 22 2 62 6 74 34 29 33 79 5 80 3 21 56 90 74 53 93 77 90 61 8 27 14 27 87 1 75 94 
32 34 71 75 29 30 71 94 84 46 82 65 80 57 18 10 60 50 88 48 3 33 60 85 30 20 27 31 35 82 58 48 3 3 52 81 14 79 75 22 70 17 72 49 70 12 33 18 94 81 93 50 69 8 55 51 22 93 87 51 32 84 63 34 25 72 9 7 98 5 47 12 42 26 75 73 28 37 4 59 42 83 56 81 60 15 16 80 26 11 15 81 0 14 97 56 80 79 59 89 93 41 49 2 82 80 88 95 78 10 47 14 16 47 1 31 88 93 53 16 37 8 34 43 97 17 54 89 
66 43 1 16 27 47 90 28 52 97 38 38 27 0 58 14 97 79 57 87 48 87 3 87 55 93 40 41 63 52 96 86 13 80 19 67 31 62 26 84 79 92 78 83 12 57 57 25 43 34 71 86 97 16 73 28 0 95 38 93 99 64 56 55 76 34 14 22 30 15 5 29 20 45 59 53 44 53 88 29 52 36 12 51 75 57 1 61 21 28 40 81 89 29 74 47 56 69 1 89 23 53 42 30 37 12 22 12 85 91 62 15 23 6 23 98 53 42 98 88 48 93 72 45 61 30 10 8 
15 13 93 1 91 69 39 12 96 73 86 84 49 56 49 7 60 18 36 91 28 2 0 70 67 95 80 95 14 15 8 84 19 59 85 13 2 6 42 38 59 68 43 98 32 39 51 60 71 73 44 38 47 13 30 90 84 36 60 33 97 89 60 16 10 81 42 81 79 57 85 42 24 33 58 53 91 29 90 88 76 91 90 60 72 33 46 46 93 50 83 82 77 60 86 8 34 56 19 5 63 89 22 50 42 4 70 5 18 29 68 97 40 28 7 96 33 39 2 24 6 52 21 22 60 15 74 91 
18 84 60 74 14 67 47 55 38 85 55 30 45 68 46 80 17 12 34 23 10 73 95 5 9 13 67 46 39 18 67 34 58 89 50 99 31 50 62 21 58 36 26 49 67 66 44 48 93 48 19 28 68 23 85 97 15 19 20 13 9 39 59 74 87 44 8 88 51 39 16 92 71 9 15 89 13 18 6 19 59 38 55 75 59 56 40 15 21 0 49 63 92 67 8 44 7 87 50 6 66 42 49 43 46 73 21 6 38 56 40 47 47 39 65 84 75 61 60 69 58 50 65 4 37 52 99 99 
92 31 65 92 75 42 13 76 82 78 56 33 43 65 78 21 57 75 46 59 35 17 25 49 61 96 16 41 99 74 61 1 25 73 29 34 47 95 40 49 23 1 4 97 36 69 47 45 22 75 77 73 52 97 63 44 73 18 91 25 7 89 92 24 74 79 21 89 18 10 89 18 1 50 66 66 8 91 77 22 84 77 46 1 53 72 10 77 63 95 45 60 81 67 9 22 3 18 37 27 7 23 46 61 48 78 38 12 60 27 58 2 5 19 62 60 63 59 25 38 44 13 91 23 49 3 20 3 
48 95 53 74 67 49 46 84 17 19 54 48 44 82 32 55 76 71 13 0 94 85 2 37 97 7 56 25 38 95 45 77 18 12 38 62 90 73 40 8 62 86 33 29 88 88 45 74 29 75 41 59 69 27 91 95 80 41 12 18 80 79 51 98 67 75 0 29 11 90 57 57 49 32 64 91 7 16 30 55 36 17 80 96 22 73 53 64 79 35 52 66 49 16 88 91 77 50 1 13 11 97 50 67 69 15 81 55 45 79 99 81 9 51 50 60 46 50 45 71 49 65 67 70 83 33 95 76 
51 51 60 37 26 73 17 81 70 9 96 40 40 40 8 73 53 23 2 82 76 94 65 70 34 83 54 17 22 23 31 61 93 17 98 74 91 35 39 41 4 32 28 70 22 88 41 20 98 27 4 46 46 82 94 83 15 69 12 59 28 46 21 93 35 91 89 22 47 86 32 65 92 38 49 41 51 34 74 59 46 26 41 92 12 82 0 63 26 71 49 97 31 81 86 86 86 95 61 47 89 55 44 29 48 81 76 6 21 23 35 41 48 39 76 89 80 33 70 13 13 37 66 22 48 93 96 26 
68 56 85 89 23 9 46 87 22 75 20 48 6 66 11 88 96 20 25 44 32 8 26 51 50 71 74 62 74 53 92 2 35 93 65 86 58 69 12 37 57 46 81 99 82 88 12 10 90 28 85 93 57 78 47 87 59 73 78 5 82 45 26 69 34 76 89 20 65 86 69 25 65 8 16 20 31 85 44 21 15 31 32 52 86 79 96 18 79 43 77 60 39 71 58 0 77 16 6 62 66 89 68 56 58 12 84 54 23 12 73 49 65 44 56 70 96 73 51 4 91 70 24 42 59 40 16 44 
32 93 16 5 86 90 59 89 8 85 82 97 30 85 49 60 58 61 4 42 75 1 14 25 89 44 65 7 48 99 91 83 59 11 2 39 8 28 32 19 60 57 81 13 30 93 89 64 41 29 21 61 42 6 62 32 63 54 83 64 90 37 81 77 15 1 68 14 62 19 80 25 8 95 85 31 64 84 49 86 62 28 9 89 46 29 52 2 79 92 11 67 35 13 45 96 66 33 59 2 17 24 55 40 62 43 27 6 23 65 61 78 13 90 55 20 99 73 14 67 7 15 72 54 12 73 98 34 
2 26 94 89 96 51 69 24 37 33 23 70 97 25 17 40 39 7 44 9 52 56 25 23 66 97 67 57 20 41 41 20 14 48 89 17 1 11 18 41 45 68 31 87 79 15 13 23 34 51 15 81 62 62 93 13 4 43 94 50 9 98 79 10 34 31 33 57 65 45 62 50 90 54 25 34 37 55 21 68 84 26 49 74 28 0 89 71 42 54 88 47 12 75 94 75 82 27 2 85 7 36 33 32 65 54 97 58 14 7 20 99 8 16 41 6 88 1 27 55 18 80 50 56 77 97 43 57 
15 12 38 86 56 25 83 23 80 4 42 64 19 64 60 56 46 89 3 25 79 14 2 94 82 47 83 43 15 36 46 90 95 39 3 15 64 87 23 11 1 56 76 42 35 49 27 95 38 81 20 25 56 19 69 55 93 17 4 18 27 59 87 87 52 6 5 28 78 67 51 71 3 58 72 66 24 43 99 79 12 48 12 60 77 51 34 44 75 16 12 60 40 50 73 76 77 42 51 70 55 40 57 5 82 78 41 63 95 29 50 17 44 31 65 65 47 67 39 75 64 86 79 73 71 63 54 20 
2 87 13 99 35 3 90 95 50 20 68 2 23 93 5 9 51 52 17 77 78 30 1 1 68 85 54 82 96 99 45 77 51 77 84 1 37 67 38 98 68 20 64 10 22 3 72 91 36 24 56 10 45 56 48 34 75 84 44 2 99 80 97 37 48 57 35 44 54 73 66 37 70 91 49 47 81 4 31 14 71 87 20 34 37 99 12 93 18 62 89 61 83 22 4 65 34 29 63 22 90 5 24 66 38 99 16 85 99 23 70 60 52 10 84 61 77 0 17 47 28 73 82 35 97 32 24 68 
31 74 50 97 92 18 65 71 43 89 24 9 25 97 13 11 47 59 13 21 2 22 71 1 57 32 83 45 92 83 54 60 93 76 59 76 1 36 32 61 5 37 70 41 15 78 31 11 64 51 25 64 52 34 14 72 5 94 59 98 85 22 22 95 31 4 80 72 33 52 3 4 64 99 37 4 25 77 22 2 92 7 76 41 19 55 50 91 20 85 42 62 40 54 12 66 29 52 73 24 11 38 49 19 76 52 21 67 78 59 12 62 46 49 69 4 74 79 54 73 98 88 56 86 24 11 88 13 
36 38 70 40 16 73 49 88 53 14 55 12 26 87 15 61 62 99 84 54 30 66 60 45 88 35 90 21 82 51 22 99 50 60 56 92 8 82 49 37 92 14 70 82 27 81 25 45 36 55 46 98 42 77 62 32 81 86 72 75 74 29 30 41 41 8 63 97 70 24 35 39 8 53 43 25 15 55 79 34 60 39 30 92 55 39 10 86 36 77 81 8 28 3 27 60 83 48 50 89 43 8 72 89 69 25 65 2 35 62 25 70 94 17 92 65 61 97 54 42 75 52 85 41 23 25 67 81 
2 34 97 79 55 65 12 33 31 36 88 67 30 64 71 3 7 27 5 72 83 67 99 62 58 23 1 77 79 4 64 79 77 64 80 20 61 12 95 33 50 40 61 71 89 69 61 46 37 55 57 57 2 36 57 48 23 46 64 32 74 0 4 89 57 68 52 38 74 64 97 46 78 31 27 31 92 73 47 63 26 91 50 32 62 20 44 53 83 37 18 71 14 56 65 18 28 61 73 80 45 26 6 64 76 67 83 37 62 82 57 14 69 50 82 90 34 0 32 56 23 0 68 13 95 93 60 55 
92 58 34 34 48 5 38 78 91 42 64 64 40 59 58 54 90 75 9 81 23 32 56 39 34 3 1 78 11 6 17 44 15 1 79 53 9 90 5 22 26 31 70 64 82 62 72 32 93 88 46 48 21 31 18 16 72 2 34 66 88 71 72 64 7 77 80 51 88 36 94 14 24 85 66 33 47 71 17 76 23 44 1 52 40 82 37 76 9 21 98 82 46 2 37 93 51 58 7 18 66 64 67 87 50 82 7 40 16 79 11 50 10 67 55 7 75 60 64 83 85 40 37 65 59 56 44 1 
95 52 33 98 59 10 22 73 61 13 2 40 29 50 16 41 28 49 55 72 26 2 80 80 64 15 72 95 53 63 73 37 44 94 20 30 15 9 13 15 29 37 90 2 21 75 65 67 20 22 18 95 27 67 66 89 99 75 23 93 56 87 19 64 32 70 63 6 73 13 86 98 15 44 24 4 73 34 62 6 62 53 3 1 87 0 48 40 85 46 64 33 37 60 88 8 17 27 59 50 13 87 86 94 94 77 43 72 52 96 87 63 78 56 74 97 53 0 19 34 33 1 77 85 80 60 66 67 
33 97 15 6 65 67 65 79 58 80 19 5 32 89 36 1 41 78 44 23 71 76 43 75 29 41 98 73 13 2 39 94 98 92 3 47 47 64 11 17 11 45 45 12 39 44 69 2 85 47 72 51 70 64 24 62 61 40 38 43 83 28 21 77 27 36 16 96 84 51 88 67 5 51 24 40 29 62 38 0 92 51 11 54 2 27 10 21 79 87 73 53 99 2 41 44 17 25 66 10 87 83 44 54 21 28 32 37 63 34 78 36 61 90 32 11 42 69 68 54 36 35 96 91 5 17 91 74 
74 79 87 47 29 13 22 66 25 67 2 43 25 89 71 10 76 77 99 70 63 39 88 5 5 38 42 47 16 41 67 28 68 10 85 21 66 88 96 59 43 28 50 35 67 6 23 21 13 86 57 24 1 85 56 60 9 66 71 51 65 41 89 82 69 51 32 95 13 73 68 37 38 79 74 16 92 42 23 19 16 54 25 28 51 62 26 70 52 81 24 6 23 41 45 28 79 32 99 38 71 79 72 7 58 68 76 58 5 28 12 54 37 65 12 74 70 22 72 70 62 17 45 96 47 46 95 45 
37 26 18 29 88 11 42 46 7 4 28 77 61 89 68 71 1 83 25 22 29 82 71 17 67 61 17 98 81 20 18 71 7 45 2 0 48 65 7 82 17 97 49 78 21 68 32 18 51 88 8 29 9 10 24 26 0 72 64 47 33 10 72 36 10 97 94 87 70 91 87 7 5 72 27 64 21 30 72 26 39 5 26 86 62 25 9 7 71 28 74 19 14 89 23 81 76 55 47 87 6 28 42 96 62 49 11 87 33 79 48 84 29 60 62 57 80 0 31 18 30 52 88 82 61 96 8 5 
99 69 52 91 90 30 20 58 43 68 84 48 44 34 71 16 77 70 33 19 42 94 65 76 52 95 2 73 57 76 84 6 98 12 81 87 16 17 29 37 54 97 19 86 31 91 51 94 63 40 6 7 1 16 9 65 1 83 30 79 31 36 49 62 41 5 7 63 4 86 93 61 2 5 7 77 53 35 55 26 84 76 77 13 0 97 34 9 65 47 7 44 27 49 60 90 84 22 73 92 28 29 71 74 68 82 16 65 35 26 78 23 15 88 67 41 84 42 23 91 29 19 26 49 36 14 69 10 
3 41 87 73 65 17 41 67 38 89 39 59 73 55 62 30 48 42 16 52 5 71 46 93 11 74 69 53 55 20 55 69 99 8 22 90 38 31 77 17 58 75 3 6 74 11 41 95 51 4 54 89 35 46 37 81 49 74 88 88 48 67 24 89 50 9 50 44 53 30 25 92 91 30 29 26 27 77 48 98 88 28 11 72 1 74 26 99 90 66 61 14 38 38 3 68 90 94 2 34 47 11 7 20 4 48 96 92 12 22 15 26 31 44 63 21 39 81 59 25 18 78 63 92 22 37 59 43 
22 25 90 72 24 25 68 48 12 59 8 3 16 37 54 53 17 38 61 73 35 47 89 73 69 18 47 57 36 65 2 25 62 4 58 54 43 77 56 97 28 8 74 43 8 19 53 1 56 84 41 59 3 97 4 13 3 78 59 49 4 14 22 40 78 41 67 49 17 66 51 99 1 80 73 28 28 79 44 95 78 57 40 20 60 19 12 34 69 90 39 13 97 7 61 22 94 11 25 4 86 45 77 98 48 94 98 91 15 66 91 54 86 60 13 34 69 8 69 87 41 22 26 60 63 4 5 52 
3 9 63 63 77 93 94 74 59 65 84 67 50 11 97 52 92 83 20 63 95 37 67 99 37 46 0 14 84 50 71 18 32 5 85 55 15 95 41 22 20 79 52 88 57 87 84 63 64 65 70 22 18 85 73 25 12 87 6 55 26 41 31 67 25 50 72 99 87 82 16 79 46 70 92 3 7 89 30 20 11 41 79 24 5 65 13 46 70 39 87 44 33 76 85 61 30 36 75 11 58 39 86 89 29 92 27 67 21 70 49 11 11 5 26 20 65 48 1 14 23 75 39 12 82 40 69 38 
91 43 26 7 20 70 38 4 10 60 98 60 39 10 11 31 46 40 39 42 82 34 99 68 16 67 83 23 97 68 42 99 12 94 70 80 17 62 37 99 95 6 84 66 40 44 13 45 71 74 74 62 39 81 29 2 63 91 94 26 38 29 50 56 13 79 74 37 40 91 84 8 22 49 98 38 73 56 47 78 42 55 64 25 41 11 88 74 54 0 9 31 68 6 83 20 7 25 3 58 2 3 53 73 94 79 70 71 22 48 93 27 27 87 25 22 56 96 24 53 44 44 43 0 12 32 51 40 
25 76 24 72 78 35 89 31 79 55 39 9 18 65 87 7 79 62 19 85 47 17 85 43 97 44 81 69 66 43 8 76 67 92 33 85 33 25 12 85 85 61 54 12 6 1 9 61 32 76 37 6 11 29 63 27 45 53 18 12 45 66 87 92 93 41 51 91 63 53 38 81 20 53 22 13 69 56 27 60 76 53 32 50 24 33 34 66 32 93 42 99 26 25 1 8 83 11 42 46 11 26 22 29 8 19 16 75 9 81 36 9 94 53 70 20 93 33 5 52 31 26 14 66 80 5 28 87 
2 70 8 36 70 37 98 58 38 67 86 39 24 21 86 48 70 88 39 84 95 48 14 25 40 82 61 87 9 54 77 46 32 46 15 55 92 25 48 76 93 65 11 31 14 79 7 60 28 26 9 47 41 34 28 33 5 87 15 76 54 59 3 17 95 0 15 91 85 7 74 62 85 49 89 49 12 20 40 74 84 87 75 76 40 24 26 7 25 3 25 72 74 12 24 96 10 14 75 38 76 6 42 17 22 51 80 20 94 51 34 67 22 91 78 35 88 10 73 49 72 96 79 11 91 98 99 19 
81 53 95 70 9 59 78 97 60 31 12 29 84 9 23 20 39 7 28 20 53 75 2 57 7 88 59 26 54 13 72 85 16 1 88 78 58 74 88 94 11 33 86 11 21 90 76 80 66 73 41 0 90 24 71 31 4 29 88 92 22 16 50 15 47 34 37 78 65 90 97 8 24 45 30 86 70 9 89 50 51 2 72 46 8 12 17 65 73 98 63 49 9 60 18 53 51 93 63 31 2 75 69 70 65 87 14 46 58 14 42 13 34 38 93 90 94 20 4 1 80 30 98 61 8 88 89 38 
42 56 1 80 23 6 44 54 32 95 21 76 42 90 78 22 7 94 36 17 10 91 84 0 39 23 40 9 22 97 69 88 22 28 91 49 10 30 30 30 20 42 64 86 58 5 43 65 90 12 86 65 45 38 96 6 29 72 78 16 77 86 27 45 74 38 10 70 23 77 6 66 9 94 17 35 97 90 60 17 92 38 59 33 86 36 78 71 38 17 59 62 82 12 83 86 30 92 13 64 60 28 14 32 19 20 88 40 72 77 4 96 60 70 54 82 31 30 69 38 43 85 76 36 32 74 81 51 
51 28 92 34 91 21 65 66 15 73 51 63 47 63 76 72 94 26 99 10 49 15 68 33 2 2 68 9 8 65 45 59 43 44 88 40 20 80 66 29 96 11 1 11 22 36 53 26 94 80 91 0 11 0 45 54 97 31 83 1 58 8 19 84 60 70 81 79 72 36 62 69 41 83 71 48 20 67 57 94 4 78 97 0 22 80 2 21 71 32 22 44 41 92 86 32 48 48 42 82 3 94 82 98 64 22 99 15 85 25 53 39 12 62 17 90 82 48 80 48 84 13 85 99 98 97 72 92 
49 88 31 25 81 65 56 96 0 90 13 18 31 53 93 2 39 70 64 7 78 24 23 37 52 90 30 93 65 38 75 3 70 8 96 13 97 6 37 82 29 73 95 4 48 12 61 11 15 12 90 70 88 91 95 65 11 83 79 58 93 67 45 15 8 50 58 68 52 32 9 57 52 45 40 86 60 57 13 30 26 54 85 19 85 42 84 4 58 48 0 35 7 70 68 90 85 89 53 4 58 20 20 53 47 40 5 10 57 1 49 83 31 87 79 91 12 64 82 54 15 13 27 87 39 16 61 77 
34 64 24 85 74 97 69 69 64 0 92 35 45 79 44 93 98 98 12 61 67 69 81 83 88 10 59 58 36 31 76 4 60 17 51 81 9 20 74 15 18 63 13 85 48 4 24 9 59 45 55 33 6 30 60 30 28 31 37 72 39 99 49 75 42 71 43 74 10 77 34 81 65 60 7 28 80 56 67 99 99 99 96 88 39 63 37 48 39 96 35 10 4 43 84 69 56 34 59 31 6 90 64 8 25 62 82 69 35 26 79 71 96 16 92 76 60 59 2 21 57 74 77 59 86 44 5 91 
50 9 51 92 53 50 98 7 30 19 35 79 41 94 86 65 56 32 18 23 77 63 25 24 63 99 46 79 42 73 0 77 32 66 28 78 71 39 42 76 37 78 1 71 0 5 93 32 98 62 39 29 8 50 80 7 99 44 98 67 52 27 4 23 67 92 89 16 35 22 5 85 57 46 32 83 6 79 24 81 18 44 86 32 35 5 20 52 55 97 50 77 99 65 47 24 26 99 95 18 70 6 35 43 85 57 53 45 51 79 3 40 84 73 87 62 18 47 49 80 34 83 25 79 36 8 47 65 
52 95 89 45 87 3 64 78 75 38 60 8 52 93 58 65 89 89 35 66 91 1 91 34 88 44 67 33 7 83 34 98 35 40 63 68 75 58 36 74 90 21 59 53 61 99 25 55 75 4 17 65 84 75 22 24 1 13 41 61 83 35 46 3 30 98 34 59 90 35 23 2 7 30 48 59 62 82 91 51 96 78 62 30 37 28 90 32 17 51 7 5 85 72 76 40 14 49 42 30 83 65 77 99 4 25 7 66 38 73 50 13 27 87 45 57 19 92 43 31 37 76 11 13 0 45 32 80 
69 13 25 22 56 61 18 21 39 74 75 34 82 57 73 61 60 95 98 42 2 88 8 93 96 50 56 55 93 58 90 0 45 78 29 62 30 78 81 20 70 57 68 0 77 1 55 51 27 59 94 65 98 44 19 18 69 7 99 49 56 48 30 68 24 40 62 30 96 65 16 35 11 30 99 23 9 38 29 74 20 85 12 75 62 15 46 9 54 1 82 30 5 3 92 76 0 92 95 62 44 33 61 56 41 61 63 95 71 87 8 31 67 38 13 19 11 41 27 67 30 42 0 46 23 10 35 52 
48 28 32 91 90 27 85 1 24 62 61 84 30 70 22 74 41 30 64 98 92 64 96 80 42 32 10 10 87 82 57 3 84 65 42 76 84 91 16 67 13 13 96 27 40 15 60 39 21 73 77 95 79 89 70 16 72 18 91 45 48 54 64 26 49 47 24 34 68 32 75 1 42 14 0 19 74 7 98 41 59 64 73 86 6 94 81 43 30 75 36 71 95 39 58 5 81 35 43 99 74 22 80 33 61 89 46 8 3 29 24 46 75 61 79 83 45 43 57 28 62 13 40 60 72 68 13 60 
26 31 86 81 56 42 51 85 69 23 29 23 80 46 65 72 61 29 12 90 21 31 62 12 70 71 79 1 31 62 90 66 19 32 93 7 16 88 2 46 10 86 29 67 37 78 43 67 33 53 3 64 50 11 84 87 17 64 30 65 75 84 69 20 64 75 13 66 38 95 8 16 96 11 67 32 30 28 89 5 16 63 45 72 79 26 14 29 40 90 80 92 61 63 31 50 37 42 25 84 28 71 33 70 87 82 63 90 38 29 98 8 89 52 92 7 58 33 42 73 21 32 42 79 20 62 5 52 
30 43 37 91 28 93 24 38 40 96 48 6 82 60 75 58 20 85 31 99 96 88 94 80 62 62 75 33 1 10 6 62 76 20 18 35 58 53 63 6 65 83 94 19 81 29 37 52 93 4 47 54 56 10 24 18 49 96 99 78 24 38 61 79 53 51 32 22 48 30 92 91 12 44 77 46 32 81 42 25 48 95 62 3 92 71 98 27 28 10 7 22 60 51 6 76 27 26 58 30 47 17 36 72 52 0 7 13 23 52 27 64 93 65 76 51 57 56 49 91 42 92 90 46 26 89 68 21 
89 3 84 10 30 53 11 59 45 5 61 2 77 65 36 4 37 49 28 97 22 40 57 93 51 66 41 33 46 11 85 26 43 16 14 43 47 35 73 54 99 81 17 76 35 33 45 18 42 53 54 69 60 5 2 6 68 40 75 23 35 5 3 2 25 87 13 19 23 62 98 62 75 98 94 15 49 20 74 6 58 79 23 63 31 20 8 14 47 34 48 13 90 40 55 70 59 3 13 28 70 19 6 47 19 50 45 92 26 84 54 28 8 61 10 88 94 39 87 69 18 96 77 30 71 32 30 50 
82 91 33 74 67 53 33 73 97 60 57 54 95 88 35 55 68 38 52 51 18 90 35 62 75 66 82 10 21 0 58 42 33 17 57 79 87 17 19 43 16 75 50 81 4 62 32 40 50 30 3 60 7 68 32 55 84 56 85 81 37 5 96 42 79 24 90 5 17 35 7 38 24 13 37 74 96 98 28 31 67 0 2 75 0 18 41 62 0 62 52 56 19 14 32 49 38 96 19 27 43 46 63 42 29 28 25 4 20 53 60 88 61 70 91 61 14 79 16 40 48 48 59 46 38 32 81 56 
14 60 36 30 6 54 1 67 15 42 43 91 72 83 9 94 14 27 70 97 13 12 31 92 94 67 21 19 15 42 57 35 33 74 30 24 41 56 27 12 95 30 98 95 63 71 29 75 17 79 27 32 76 44 59 4 72 89 98 80 74 49 31 54 56 85 12 71 86 88 43 83 59 84 55 53 70 45 73 5 18 50 67 4 96 44 56 30 20 39 3 47 14 12 58 76 28 37 51 79 18 93 70 34 9 83 56 48 68 58 9 37 89 80 58 55 73 3 74 79 60 17 35 62 92 16 72 63 
56 2 42 58 60 35 24 29 32 77 12 96 47 70 45 58 23 57 74 52 70 22 61 18 31 40 30 21 83 8 11 53 24 44 89 2 13 43 69 26 64 37 77 13 45 20 73 58 78 61 38 64 0 84 21 77 81 18 77 6 97 21 76 26 0 71 77 74 17 41 73 7 1 23 39 40 30 49 44 43 76 44 11 29 47 34 22 2 63 9 39 51 32 79 27 68 60 63 90 18 76 60 32 22 88 7 70 12 3 44 96 10 44 46 7 5 74 12 44 78 7 31 65 72 24 77 52 9 
9 88 78 79 73 61 49 45 7 21 63 70 80 66 63 55 94 83 70 76 74 9 98 53 99 81 98 59 34 51 35 59 77 50 83 92 88 43 58 12 52 9 41 20 65 58 3 89 66 3 90 16 50 13 90 15 50 8 55 86 38 10 80 76 14 77 37 89 27 59 49 61 98 99 53 0 29 65 42 14 96 54 62 11 88 17 14 83 64 58 27 60 44 70 43 24 91 74 95 67 16 84 88 6 45 95 50 37 9 30 41 32 52 40 75 64 6 93 80 46 81 81 42 49 71 42 28 73 
20 75 73 20 91 55 65 72 29 69 25 92 52 98 29 64 99 30 79 88 12 64 22 60 45 20 49 10 16 31 34 73 73 21 24 2 2 72 85 99 95 29 53 12 59 96 56 21 20 98 6 1 27 67 57 13 48 10 11 78 50 36 11 81 18 80 31 37 75 90 12 19 81 95 46 85 98 65 27 17 27 29 59 93 51 73 9 81 59 85 77 65 22 93 17 21 8 85 75 99 35 9 10 95 25 92 41 79 9 37 33 42 28 3 38 72 72 7 18 91 65 20 54 71 8 8 94 73 
73 62 15 26 17 42 79 44 78 58 21 87 31 43 80 73 79 89 20 76 9 48 52 60 62 2 58 53 88 94 92 12 47 0 59 69 30 57 27 10 96 18 3 7 21 31 59 50 88 57 48 43 83 9 43 68 2 69 34 98 33 62 56 79 61 44 48 81 62 81 22 13 79 60 74 94 30 98 5 37 16 32 66 24 97 81 30 95 81 80 21 14 75 29 66 94 87 16 57 13 60 14 99 25 39 45 34 73 43 8 28 1 22 99 55 51 72 57 55 68 99 19 68 78 20 14 86 93 
18 82 83 81 21 5 84 1 28 11 96 38 16 96 90 67 54 72 78 17 52 32 60 12 1 58 38 89 10 99 16 20 56 96 40 85 20 86 79 98 79 15 79 16 24 75 81 51 92 17 28 93 12 63 79 59 37 68 39 87 26 44 63 46 19 76 47 10 59 12 70 88 19 58 68 95 64 28 47 21 72 52 52 23 46 78 42 61 21 95 20 32 27 58 57 36 5 60 62 86 84 92 75 59 32 54 22 52 56 92 41 64 86 55 70 48 91 68 62 54 28 10 88 33 50 13 77 86 
4 62 13 64 39 25 39 30 62 45 29 53 15 50 47 18 35 17 19 87 86 57 55 97 70 41 40 41 79 40 90 68 83 28 96 53 81 12 10 87 5 93 38 93 14 31 73 77 25 81 95 96 81 42 66 91 52 84 51 16 29 35 90 41 67 68 33 39 82 24 8 24 33 20 64 89 61 94 3 22 22 45 4 43 56 95 92 84 36 35 49 31 53 31 99 30 94 25 65 89 94 22 25 77 27 28 76 99 75 20 44 84 25 28 45 69 69 67 64 4 20 54 35 93 71 12 70 55 
61 18 70 67 92 5 69 56 70 23 61 74 29 72 62 21 26 29 19 77 86 26 25 66 3 46 84 86 6 25 11 84 97 93 47 10 53 50 3 55 69 11 75 14 35 23 64 83 73 82 88 47 56 66 59 36 5 89 65 58 91 31 94 93 21 13 69 76 36 37 61 35 30 2 15 67 44 56 73 87 15 94 99 27 18 36 13 84 6 12 57 22 58 13 87 37 45 34 75 60 59 53 2 12 97 83 21 82 97 72 10 84 14 49 17 66 1 2 97 74 66 71 57 73 70 32 94 93 
41 63 13 7 87 42 13 78 20 97 11 94 38 27 56 84 40 94 77 7 49 20 45 28 53 42 83 3 48 59 42 53 5 46 80 31 51 89 51 89 68 2 95 28 18 68 5 25 60 23 68 62 97 41 66 60 96 97 18 93 0 31 85 45 62 94 7 43 89 82 5 8 82 73 61 26 30 11 90 48 82 7 77 36 78 94 16 28 46 45 43 33 61 87 10 92 27 83 3 55 58 72 13 88 13 42 48 94 18 21 63 13 46 74 36 92 4 75 44 26 38 60 57 53 32 48 48 72 
83 5 23 47 29 7 16 13 49 72 48 23 73 10 8 72 92 68 34 86 66 79 60 82 70 39 49 49 48 61 0 95 72 72 20 48 43 21 2 98 2 41 30 34 8 1 25 52 13 89 82 46 33 98 48 82 54 27 9 79 47 23 67 34 77 92 0 29 12 27 22 33 0 32 1 42 7 19 13 63 0 73 5 97 68 37 34 72 56 66 72 77 34 49 79 88 31 41 26 23 20 35 70 64 56 37 37 35 17 43 10 23 45 36 70 10 13 15 33 97 5 42 63 99 24 8 97 83 
20 43 19 52 70 77 73 80 40 52 59 49 15 70 50 92 79 94 5 85 13 29 37 65 38 29 81 15 11 92 57 57 14 70 94 66 34 24 54 33 86 89 15 85 0 11 7 36 69 87 91 95 95 47 57 96 58 37 23 71 32 60 79 39 83 30 76 64 6 9 51 2 85 48 15 18 21 35 87 93 40 8 3 35 5 80 67 5 37 68 52 54 23 29 34 64 89 92 19 15 48 52 34 65 73 21 30 68 38 49 51 68 21 99 82 69 0 57 41 61 35 8 48 24 79 14 20 74 
35 82 26 50 33 47 81 40 14 36 69 3 63 34 67 81 17 85 35 89 84 57 8 36 48 91 24 42 89 39 80 3 13 17 10 21 48 37 58 48 0 89 50 56 23 6 0 12 27 62 26 68 0 76 84 66 89 95 47 71 28 37 45 12 20 89 50 76 38 48 14 48 32 65 84 14 63 28 19 61 79 3 64 17 53 12 25 27 92 59 41 27 45 8 37 97 30 55 63 48 55 88 61 30 40 98 44 81 78 64 23 31 85 58 48 56 74 66 27 50 95 82 43 54 24 91 2 42 
73 21 4 12 98 22 71 88 94 77 69 22 77 87 31 95 5 44 27 74 64 84 66 12 93 46 85 89 60 83 81 62 80 16 69 52 60 26 44 7 13 30 32 8 72 45 59 77 67 34 28 2 83 66 54 69 38 14 42 51 74 59 74 30 23 45 11 8 73 83 35 75 93 57 8 51 94 65 86 20 60 90 72 88 19 24 83 97 90 58 34 76 6 60 61 42 78 66 73 69 52 73 94 43 59 47 5 64 13 55 82 74 43 37 81 20 47 68 32 3 25 13 69 89 16 26 78 18 
41 12 4 98 86 85 24 88 65 82 24 17 6 44 9 1 43 52 66 59 76 57 63 68 92 5 72 45 75 80 65 50 48 44 95 59 82 23 92 19 21 39 12 0 36 68 85 66 46 61 48 72 85 13 26 76 14 65 15 20 55 82 46 17 16 24 78 85 6 98 67 54 37 79 78 33 33 82 80 60 96 30 22 15 83 36 66 23 19 5 25 74 46 73 45 16 24 94 18 23 72 51 62 29 79 8 1 2 81 51 63 73 71 1 45 29 26 71 76 97 87 77 98 68 22 32 37 11 
76 17 6 81 40 25 95 70 26 60 6 81 22 86 2 15 24 24 27 80 53 50 46 13 30 73 47 89 72 36 64 18 52 8 91 19 95 1 55 19 19 85 75 9 90 16 29 55 16 34 31 54 77 16 33 48 4 25 35 77 35 25 60 92 32 13 76 70 45 94 94 13 52 9 47 46 37 20 44 85 82 18 42 11 30 73 1 42 93 5 74 41 64 14 34 94 24 87 37 9 62 25 72 92 91 42 67 57 73 75 18 53 58 46 83 37 95 42 53 99 18 37 77 36 63 32 2 89 
41 89 23 60 5 13 20 3 54 78 53 57 48 24 85 90 56 65 7 46 29 11 67 38 30 45 47 58 67 86 92 46 62 97 25 0 27 43 68 72 51 36 61 34 70 12 31 33 72 30 37 97 48 99 74 72 81 73 9 39 37 56 32 64 14 98 52 88 0 75 79 73 1 63 46 45 85 87 78 54 95 39 13 3 84 87 5 69 67 33 82 8 57 76 22 41 59 20 11 56 55 68 8 95 96 81 96 29 3 68 16 37 23 51 84 99 48 90 74 37 48 82 2 4 26 35 46 26 
49 50 34 76 17 34 13 6 9 13 48 6 52 87 67 58 10 62 41 61 12 37 63 0 4 14 66 11 45 68 92 23 58 78 38 25 93 78 88 45 26 94 73 72 58 85 73 60 67 64 44 29 90 83 69 49 8 50 45 94 29 68 44 8 23 75 54 30 52 8 6 85 89 38 11 44 11 94 31 28 66 17 94 84 35 41 89 81 39 90 12 39 48 38 57 5 49 53 39 23 66 15 23 62 61 76 15 61 55 17 77 74 67 93 95 33 66 34 61 60 53 39 78 16 68 8 12 41 
51 72 44 17 82 7 51 64 89 48 80 59 19 38 23 14 26 96 70 80 25 39 14 18 10 19 68 45 25 98 22 93 33 52 22 86 74 46 90 11 68 74 59 70 67 47 8 87 68 90 47 73 73 71 0 39 98 8 85 68 8 1 25 13 47 97 43 76 51 65 76 78 15 69 47 51 35 81 90 98 20 59 78 41 86 79 46 6 53 44 57 39 69 0 70 56 49 31 98 75 12 78 89 10 67 51 49 61 6 78 36 35 37 35 60 35 59 39 2 56 12 20 53 62 84 8 85 28 
11 38 12 42 11 61 81 39 45 27 80 93 89 62 41 6 89 38 69 79 85 26 79 5 65 49 56 51 12 53 54 87 98 54 88 8 45 89 63 29 76 25 36 1 19 73 27 63 64 56 0 14 40 16 0 37 70 5 6 44 34 22 61 70 61 27 67 8 85 47 1 36 79 25 6 15 2 93 36 33 96 73 29 3 15 62 55 59 74 38 60 20 97 55 90 77 64 33 23 91 52 79 85 39 32 7 1 14 8 13 69 1 26 77 20 94 91 32 82 8 13 74 26 43 51 58 65 55 
3 45 67 87 94 67 56 91 31 59 21 91 89 83 78 83 59 48 2 67 39 85 46 4 95 95 42 90 13 40 25 65 46 9 84 15 22 18 50 36 30 10 43 69 38 71 39 11 70 51 51 59 76 6 11 79 13 68 59 68 50 99 88 59 81 94 29 11 77 54 0 94 43 66 47 52 55 54 32 16 7 52 94 73 78 82 9 44 25 92 38 65 84 71 20 93 61 24 71 76 71 71 48 20 8 20 64 48 31 99 53 47 90 72 51 53 65 38 40 73 17 41 21 29 48 15 74 47 
72 96 33 41 99 14 38 79 15 64 6 54 68 43 90 68 55 36 15 0 44 49 28 92 4 42 76 93 81 76 79 64 52 76 19 90 78 87 8 87 7 82 29 72 15 66 19 23 90 6 65 56 48 80 65 70 38 87 77 68 36 29 29 38 72 82 62 7 56 13 49 80 36 87 14 5 27 47 67 76 36 39 21 28 32 46 39 74 7 7 95 90 41 11 1 79 68 60 45 85 8 24 17 86 90 41 41 42 34 22 4 42 96 12 68 77 13 48 9 74 64 48 15 88 0 61 3 83 
97 63 41 47 43 77 35 92 90 81 29 17 69 85 40 14 93 47 81 93 95 81 5 0 71 37 3 41 96 16 3 24 89 4 81 94 37 28 85 91 78 4 14 81 63 69 60 48 25 50 85 3 94 66 45 25 34 14 55 69 21 20 44 32 10 97 41 8 45 60 17 95 64 76 56 54 65 36 61 44 0 23 35 39 13 3 75 29 56 59 53 60 73 16 40 28 86 84 10 75 92 38 28 24 83 54 72 1 55 94 73 78 88 84 8 13 68 55 13 91 73 64 48 79 58 20 50 24 
91 84 55 22 25 9 6 93 75 63 42 60 32 70 33 81 10 35 42 42 25 50 72 21 61 29 41 13 92 81 89 80 28 32 9 26 2 74 75 3 76 93 9 82 29 13 9 30 27 10 4 13 38 1 12 61 32 26 58 2 33 55 82 75 85 58 67 77 44 64 19 62 63 70 93 36 70 50 96 21 62 36 60 86 32 68 21 32 99 3 59 55 3 73 66 3 99 32 17 25 22 32 10 54 46 25 99 4 42 82 40 57 91 28 94 10 50 22 55 50 60 56 95 35 30 83 63 58 
60 60 48 70 66 54 96 11 31 81 90 33 54 57 24 28 58 96 66 24 13 48 81 82 37 69 6 66 48 27 18 4 50 45 7 34 41 36 65 64 93 72 90 55 94 18 67 48 55 59 93 32 93 9 69 77 13 14 57 28 67 30 63 99 16 3 19 51 11 53 12 6 68 92 40 58 81 53 27 34 83 13 26 19 93 49 34 87 8 83 71 78 19 54 22 73 78 85 75 52 3 63 79 29 60 95 39 87 84 31 66 94 68 33 10 27 2 14 79 4 94 28 44 67 14 43 3 92 
68 65 7 97 34 22 40 17 13 84 12 1 43 83 45 55 68 73 72 26 88 77 41 44 16 74 21 83 14 24 57 49 2 70 80 43 19 75 73 85 96 22 70 41 41 74 89 7 42 24 13 0 30 73 93 62 4 43 33 91 31 74 86 15 45 36 89 97 95 86 32 3 55 15 73 9 99 72 64 68 82 38 8 71 93 27 21 35 16 68 61 77 47 81 64 5 35 19 15 23 26 58 82 21 28 98 2 39 97 48 83 95 80 35 13 97 25 70 98 83 47 41 8 31 79 63 69 82 
34 39 69 30 28 84 3 32 26 31 81 30 30 39 22 43 12 71 53 49 53 28 64 90 17 63 43 1 94 43 7 27 13 28 32 5 76 87 3 91 33 86 64 39 51 24 68 70 43 34 91 64 70 73 83 12 2 44 61 81 70 83 15 16 60 90 98 32 22 39 46 56 14 63 57 25 27 76 23 54 92 0 80 81 88 74 91 20 18 22 2 53 80 7 50 40 48 49 70 63 56 86 0 53 91 46 12 32 55 74 86 96 42 25 63 0 98 86 99 83 10 47 99 41 4 56 50 33 
51 97 33 15 20 77 80 99 42 15 8 80 71 39 4 36 3 85 88 29 69 42 1 5 88 73 35 63 89 18 96 5 38 38 58 63 67 19 80 5 89 14 61 38 23 26 43 9 47 16 84 93 4 2 11 81 70 34 70 13 0 32 80 49 46 8 18 35 24 73 46 49 46 51 12 49 54 0 73 13 72 90 98 90 80 41 91 45 83 36 73 26 76 94 89 57 94 99 79 83 8 34 28 97 84 46 28 73 25 60 87 6 87 52 35 10 29 36 87 91 99 1 96 82 2 17 77 80 
34 76 28 48 23 96 84 30 43 47 22 86 19 55 13 37 57 28 70 41 31 54 44 80 99 95 81 46 62 81 75 44 74 69 46 77 36 59 3 96 96 74 97 69 22 40 31 33 89 59 55 46 45 47 15 72 53 92 70 77 44 73 22 23 39 71 32 59 72 20 97 71 77 51 77 57 75 68 81 88 11 57 11 33 16 25 62 6 59 46 95 99 23 42 36 33 27 86 79 28 31 38 42 62 88 34 19 22 93 43 51 96 11 63 97 82 71 49 26 92 63 4 67 28 16 87 63 32 
84 87 94 86 40 58 50 47 0 67 82 13 6 92 41 90 1 59 74 25 16 10 78 36 99 93 10 9 42 37 64 31 17 40 13 28 64 0 37 8 37 43 19 77 43 3 87 30 97 54 93 27 88 61 36 19 30 35 69 57 62 39 83 81 94 26 21 99 15 47 23 69 63 88 41 10 47 33 0 88 36 53 87 19 42 49 23 80 81 77 87 24 36 2 84 55 79 78 57 5 48 59 71 80 42 43 20 9 55 26 54 35 41 22 27 46 68 40 38 93 38 19 93 55 83 93 91 56 
44 70 90 52 80 42 23 63 11 96 61 68 83 61 47 80 75 99 25 46 51 94 11 76 38 45 14 21 36 89 48 30 69 72 15 84 35 21 9 3 60 68 63 81 14 3 32 63 60 54 30 61 66 0 24 30 22 3 46 46 39 90 59 99 31 2 68 51 48 90 15 80 47 85 59 20 97 87 26 28 24 41 77 27 62 93 27 11 81 44 94 10 32 71 19 44 61 98 78 87 80 5 63 42 99 49 68 47 96 1 59 82 93 46 26 78 79 30 2 22 59 54 81 98 86 64 78 21 
55 42 20 59 54 53 58 84 12 78 50 28 94 7 96 63 4 79 26 0 53 7 34 13 60 88 24 65 77 14 66 62 49 36 19 16 76 19 4 4 30 14 22 86 13 6 69 45 86 71 8 48 15 87 83 26 56 66 70 7 59 21 37 23 3 3 94 33 16 86 65 16 69 75 71 69 22 49 81 16 50 93 45 98 5 62 45 6 44 8 8 97 66 56 5 7 33 22 57 34 82 63 13 93 42 67 66 90 24 82 30 22 24 63 52 19 65 29 88 68 66 30 88 78 74 15 99 35 
16 47 9 15 3 6 12 34 0 96 90 84 21 41 59 5 88 40 66 42 65 92 4 18 64 41 69 10 53 47 19 51 95 65 77 12 39 77 57 28 39 60 63 55 57 39 59 95 46 23 66 31 61 46 4 78 61 79 16 89 45 8 49 58 45 16 14 90 78 87 70 60 75 50 70 72 65 35 72 90 7 46 32 6 67 20 74 69 17 21 79 60 58 57 81 66 52 31 23 0 79 22 70 72 76 5 50 6 49 70 72 10 93 64 33 32 21 9 12 59 13 75 42 2 50 71 99 33 
92 12 8 99 79 2 44 0 74 59 88 21 49 56 56 77 22 37 48 36 27 66 0 4 23 33 8 19 79 45 51 48 23 38 94 37 93 96 53 78 18 63 99 61 88 52 81 61 53 49 37 59 63 78 76 99 40 28 41 92 85 20 60 54 42 9 16 68 46 96 26 56 22 4 80 35 47 42 73 59 58 48 21 79 35 62 21 45 65 82 6 27 41 39 64 45 90 13 99 4 90 97 77 95 52 76 70 34 26 91 69 55 73 5 32 70 3 29 35 14 25 20 10 38 3 91 25 67 
74 50 34 11 81 52 55 27 47 66 37 78 68 15 57 41 98 34 65 31 21 84 10 14 72 71 93 69 99 76 5 93 94 4 46 55 38 68 20 84 83 94 10 68 98 9 12 72 98 46 36 3 83 35 22 80 70 85 8 30 28 49 18 3 26 35 82 71 30 89 59 93 84 96 72 26 4 62 28 98 92 61 21 0 29 41 7 2 80 91 79 99 23 10 81 25 78 19 62 91 76 17 22 99 15 32 91 54 21 65 84 13 47 8 29 36 28 18 92 18 4 62 72 28 88 96 38 98 
78 52 23 48 85 53 36 46 10 46 88 4 94 67 19 85 21 21 4 71 0 79 83 65 88 32 45 55 6 82 61 35 55 14 56 33 1 56 20 34 59 6 67 70 70 11 43 20 78 33 25 71 73 52 99 82 59 7 42 94 50 93 46 64 92 29 97 26 43 95 0 94 69 48 30 38 62 22 98 72 36 16 28 34 78 0 55 75 40 93 70 52 83 49 77 65 73 5 19 48 4 37 22 76 12 80 87 99 10 39 9 18 32 6 85 7 84 91 52 78 94 12 89 89 66 49 37 77 
14 99 57 13 28 24 12 70 32 70 70 82 54 83 84 22 51 95 33 99 67 82 67 84 26 70 20 18 23 74 88 82 11 81 8 11 70 68 8 25 25 22 42 38 5 18 99 48 36 44 76 16 10 61 34 25 5 93 66 18 46 23 41 70 48 68 35 50 67 70 47 8 60 88 79 99 36 54 46 95 55 59 45 84 6 87 90 4 16 40 0 13 6 85 55 50 18 92 75 60 95 73 33 21 56 76 42 13 6 58 57 85 20 57 8 35 30 89 63 99 26 38 21 99 27 79 75 45 
35 10 43 27 45 62 90 82 24 47 6 45 68 24 32 16 79 26 62 43 59 98 13 48 95 17 29 45 47 90 33 81 29 84 23 71 18 85 10 92 74 95 88 1 54 76 11 49 80 27 6 58 29 35 35 71 7 76 13 42 16 17 66 52 35 11 20 62 10 21 84 51 94 65 3 40 87 72 97 47 24 58 4 3 63 95 83 26 26 27 4 62 55 13 72 79 93 64 57 90 52 31 82 58 30 81 31 23 89 41 0 88 46 37 33 18 71 95 32 76 88 82 3 90 35 53 88 66 
99 37 67 46 93 46 3 75 43 76 41 24 89 77 62 82 21 54 64 56 38 35 13 20 6 80 61 45 21 82 73 68 46 12 73 38 45 90 78 52 30 4 60 34 62 52 40 86 43 11 34 92 51 1 72 23 66 83 94 75 41 79 97 87 72 59 99 47 99 40 16 90 54 46 9 5 86 49 66 87 72 2 38 18 64 84 47 5 50 14 3 12 10 33 31 5 23 20 30 71 88 20 70 96 91 7 39 50 37 65 77 3 98 41 85 15 42 62 39 89 77 45 55 77 97 64 50 59 
30 81 21 77 44 85 50 88 49 49 54 31 25 71 99 72 34 42 50 98 64 79 48 93 79 48 99 53 22 39 4 96 17 24 9 6 50 36 89 44 40 58 23 11 80 48 32 3 29 39 57 3 71 24 26 7 1 35 78 12 17 78 19 30 20 56 57 72 67 76 19 81 28 60 57 23 67 43 22 68 94 51 3 86 59 97 81 84 33 58 76 55 5 74 80 23 48 24 69 46 14 50 16 47 86 25 25 25 21 33 28 43 17 89 99 4 43 45 77 31 61 1 70 65 6 43 20 52 
15 30 34 84 56 22 3 97 68 51 90 64 27 9 86 11 70 75 33 92 76 73 34 26 63 92 47 54 94 68 37 85 95 93 75 95 29 83 26 13 48 48 89 68 73 88 63 53 29 32 22 86 90 28 95 7 53 47 52 94 86 62 16 13 39 85 97 93 25 9 28 17 29 59 24 61 30 26 21 45 15 92 90 58 76 2 18 59 91 27 32 90 1 60 13 54 59 13 31 9 23 37 0 38 3 7 98 48 75 6 2 55 58 30 99 57 19 21 85 58 31 42 16 9 17 99 71 62 
27 15 21 16 16 34 44 4 95 62 64 68 75 0 27 87 88 64 55 34 39 90 18 84 74 65 99 87 27 14 48 98 11 14 80 72 91 69 90 2 43 3 73 26 32 41 32 32 76 85 90 97 43 28 23 72 93 28 97 81 83 38 75 73 44 78 51 36 5 34 39 57 89 66 78 52 68 5 2 3 38 85 3 51 8 65 13 83 26 0 23 29 28 2 95 97 76 39 71 32 70 92 11 77 36 94 41 8 31 27 35 52 50 32 58 43 46 73 64 73 7 35 16 41 91 35 62 36 
17 65 79 52 22 36 6 74 0 57 49 6 6 27 35 47 0 98 0 21 60 13 16 26 19 2 0 17 48 92 70 43 58 52 72 53 52 85 32 44 69 78 71 96 65 95 8 27 9 71 16 85 87 0 53 85 22 34 60 47 46 2 24 98 19 12 61 86 85 27 57 74 23 73 42 40 44 56 85 5 56 19 27 0 79 15 3 48 77 9 23 17 62 61 36 1 96 77 66 76 0 48 93 18 30 82 19 97 62 0 14 57 0 42 76 97 7 58 54 17 58 68 14 27 63 84 7 87 
86 3 80 85 54 29 80 81 95 17 29 15 0 23 78 23 47 40 19 0 84 56 73 45 47 80 28 95 91 59 39 57 79 90 50 83 67 5 61 46 29 70 80 47 86 84 26 7 73 89 61 42 37 17 26 59 99 23 18 19 15 15 32 67 17 58 84 73 30 33 30 36 36 5 73 64 87 96 19 20 16 61 1 82 92 86 31 21 78 59 43 42 10 36 12 69 7 75 87 52 44 80 85 70 4 78 63 62 48 15 7 35 53 93 40 84 87 91 38 49 52 51 3 20 82 77 86 38 
81 2 14 75 29 4 3 89 85 65 82 37 56 55 19 84 45 35 53 92 70 99 45 56 9 58 59 26 92 43 37 40 87 41 94 86 56 13 24 81 7 66 67 22 32 71 27 99 75 72 12 19 86 19 69 34 74 2 50 75 63 77 3 29 74 89 26 29 66 36 57 46 79 53 26 60 56 9 23 19 67 12 82 76 59 82 62 86 25 5 5 99 93 31 74 38 32 6 15 41 87 32 72 63 47 3 81 39 75 21 19 93 5 92 59 11 41 65 40 53 56 25 87 46 99 75 36 58 
59 37 96 57 6 42 53 41 21 78 51 8 39 96 19 65 89 62 97 49 71 59 99 39 18 89 88 73 64 22 95 3 18 40 77 89 96 78 66 76 4 35 37 94 65 18 14 39 55 83 10 97 2 33 47 48 67 81 65 55 70 51 68 7 9 28 59 93 69 35 70 40 64 90 77 77 44 26 82 67 20 0 18 79 77 14 67 40 19 80 5 4 26 40 87 27 56 18 9 6 12 54 81 73 86 44 83 54 6 8 77 56 47 31 72 95 89 83 61 10 10 8 1 53 39 93 48 55 
