16 16
89 19 54 81 24 46 65 27 46 91 32 39 54 99 50 95 
6 65 80 61 49 54 43 41 11 18 23 14 6 23 39 28 
30 24 80 84 72 8 5 67 68 37 11 40 84 56 57 38 
98 7 60 98 98 95 93 39 25 87 45 36 18 81 74 15 
90 16 31 52 36 36 90 25 91 63 62 13 24 60 52 26 
64 6 59 36 82 38 75 37 63 22 17 4 71 32 65 2 
87 15 24 68 24 4 86 3 84 32 71 94 46 38 94 86 
93 89 86 67 76 85 81 50 36 79 72 39 15 82 2 78 
37 88 18 75 38 90 55 7 46 69 34 98 5 58 50 91 
60 89 69 87 58 43 23 50 80 49 68 23 22 93 76 34 
74 52 30 1 36 69 31 93 45 26 56 39 47 41 94 43 
5 94 11 8 46 4 90 30 23 45 53 13 70 32 38 15 
92 22 20 77 47 49 36 28 74 38 8 55 21 45 41 9 
8 15 9 93 21 64 36 9 98 99 46 65 21 19 50 96 
54 11 75 89 19 46 20 36 80 14 59 72 94 32 39 34 
22 17 18 84 79 95 42 91 28 70 56 10 97 90 47 78 
