32 32
18 54 5 50 18 50 66 96 59 59 41 95 24 70 5 44 0 26 9 5 7 54 16 17 22 10 64 45 80 24 8 5 
45 50 34 75 79 74 42 65 35 19 61 94 5 72 26 74 54 80 91 35 80 4 16 61 96 0 26 51 7 12 15 96 
1 67 14 63 24 19 62 46 18 33 91 3 24 48 89 38 95 69 5 91 47 64 26 52 82 94 37 83 54 24 70 78 
24 57 24 76 62 33 55 67 36 92 4 64 8 54 41 43 67 92 71 85 40 60 94 53 92 51 17 70 16 81 4 95 
72 58 3 24 56 48 48 81 32 80 76 97 17 50 38 1 51 21 49 73 48 55 65 52 27 24 62 59 49 49 45 63 
5 13 68 88 86 48 17 95 16 58 35 80 99 83 97 33 67 9 59 22 81 93 54 49 79 56 20 88 69 25 94 55 
12 36 64 32 24 45 59 33 29 22 45 20 82 99 97 78 11 92 93 46 21 98 90 33 12 68 99 7 64 46 15 30 
25 95 81 36 18 7 41 47 34 75 29 60 54 93 42 40 22 37 30 83 83 10 56 91 33 48 7 13 35 82 94 36 
28 47 32 39 29 94 12 10 1 2 33 61 36 1 53 59 33 37 48 25 55 22 4 47 7 87 47 74 68 43 73 1 
12 68 41 98 39 18 51 5 75 58 68 38 51 91 2 44 96 27 61 98 53 4 23 10 2 17 69 86 37 83 44 18 
30 57 64 9 2 87 79 12 19 24 57 25 18 23 7 30 86 24 35 32 57 41 60 31 17 99 63 8 25 56 42 90 
69 18 56 88 69 33 43 19 38 67 10 48 52 65 30 13 4 31 4 8 99 89 72 6 1 45 11 33 76 24 51 94 
51 80 11 14 60 12 83 91 56 12 37 32 90 45 31 49 29 97 29 74 0 52 62 91 69 62 91 37 82 73 72 44 
93 91 24 45 51 57 60 63 96 75 51 65 21 87 57 87 38 74 10 78 99 42 2 11 39 79 16 0 40 61 48 18 
94 38 14 79 70 2 61 92 11 63 20 43 98 88 28 62 71 97 19 99 24 84 89 25 60 15 58 34 81 98 32 55 
80 6 51 41 2 84 30 36 5 72 28 61 83 34 73 10 55 82 72 35 35 16 94 97 39 79 73 66 92 47 87 32 
20 10 25 34 89 92 72 29 65 71 19 53 50 66 67 72 40 2 33 64 12 51 82 76 82 74 85 17 59 52 45 87 
21 15 49 92 21 84 19 46 32 64 85 29 14 68 87 91 71 45 81 99 55 10 80 57 46 89 10 7 25 48 79 26 
76 68 3 53 93 57 81 12 34 34 74 85 51 52 56 67 3 90 66 99 17 7 81 76 14 59 91 48 46 93 48 57 
85 38 87 42 65 20 77 42 50 1 17 95 21 87 50 44 74 53 46 14 37 52 20 37 11 49 38 3 11 74 13 2 
4 56 25 75 94 83 56 88 93 30 60 1 61 11 54 15 21 39 95 58 67 11 97 45 5 66 93 97 42 47 1 75 
44 7 49 7 90 56 32 62 83 1 61 92 77 81 31 47 39 84 19 96 7 2 85 51 92 35 82 98 77 0 64 55 
1 91 7 12 95 37 13 0 11 49 14 88 91 70 34 24 89 23 19 19 65 95 67 39 79 12 35 26 23 45 23 71 
61 19 15 20 87 92 65 91 74 55 9 41 50 48 22 91 75 81 35 33 85 4 15 82 43 55 85 49 44 78 1 5 
46 79 76 56 80 3 95 6 91 58 35 26 46 97 47 11 64 29 99 88 60 75 50 78 31 87 96 66 64 30 23 51 
13 52 0 55 5 64 8 50 72 67 24 29 71 31 78 20 69 48 75 9 88 62 87 17 48 62 8 10 15 87 60 73 
37 34 85 95 59 42 42 98 91 45 76 8 6 36 30 26 38 77 87 84 87 76 19 75 26 73 69 37 6 33 16 41 
47 4 52 62 20 40 13 10 56 45 79 83 5 14 56 58 90 61 71 41 40 76 33 34 92 71 79 99 47 22 20 13 
47 66 45 65 57 36 95 6 80 18 13 88 70 59 87 7 78 79 74 27 3 80 18 36 7 68 30 99 52 83 31 32 
76 73 72 92 19 49 71 10 47 65 1 33 20 78 80 17 22 36 50 59 48 87 89 5 59 1 98 19 12 56 18 27 
79 81 25 34 1 38 94 3 33 70 81 60 31 86 61 29 89 68 1 37 4 24 30 15 75 34 34 89 79 73 44 36 
3 77 32 69 55 1 46 8 73 28 35 86 95 69 41 54 92 18 65 37 97 29 38 60 36 18 68 85 81 62 90 73 
