64 64
80 74 5 56 43 25 3 53 74 39 13 58 52 74 28 78 91 68 49 59 31 68 32 92 14 34 46 8 46 22 11 62 14 3 57 34 23 62 53 1 4 70 19 93 29 78 25 57 32 12 57 89 50 10 96 81 76 30 48 68 39 18 19 11 
70 78 38 60 75 46 12 51 78 56 95 72 69 92 81 23 33 31 73 8 34 25 25 90 34 7 79 79 84 33 52 2 29 78 89 26 64 78 54 67 30 97 14 60 89 46 60 68 10 81 71 85 70 43 73 26 10 80 42 61 31 88 29 6 
93 75 45 27 57 62 93 62 86 36 70 60 4 9 45 36 43 91 17 20 7 42 24 48 82 34 46 17 0 85 48 8 84 26 10 28 59 66 78 50 0 65 97 97 91 89 45 15 84 76 39 88 73 96 32 53 32 4 34 60 27 29 43 86 
4 30 80 9 93 46 17 17 78 85 59 95 98 22 36 94 61 68 43 70 51 95 43 86 27 74 62 25 86 12 30 14 67 40 20 5 17 89 66 58 11 99 74 81 8 4 74 68 50 0 71 78 18 12 98 16 26 9 62 46 12 45 99 62 
83 91 25 57 75 77 4 93 78 95 16 44 2 39 58 52 75 19 22 15 69 27 45 1 87 48 98 16 43 26 84 84 18 3 43 5 76 21 76 50 89 94 36 56 11 30 58 36 40 70 72 42 16 64 67 83 77 76 7 18 3 58 14 3 
3 73 39 16 55 56 66 18 11 20 87 52 76 67 84 55 73 68 38 75 25 75 10 73 60 72 44 30 41 76 65 11 29 36 47 35 49 79 42 79 60 11 32 33 56 28 76 98 71 81 47 93 73 0 84 11 12 20 98 97 17 54 85 5 
90 69 38 58 42 75 24 99 68 62 83 71 32 67 92 91 44 38 71 57 99 11 34 74 72 5 75 54 66 10 98 59 45 3 17 64 17 90 39 49 62 50 28 73 7 66 58 51 57 31 79 63 20 75 3 44 90 23 93 79 64 33 71 87 
34 43 74 94 46 5 32 45 32 9 12 68 62 78 72 31 90 14 26 58 35 86 77 91 77 64 44 21 4 19 37 99 40 32 40 36 26 96 23 15 37 23 70 0 52 23 8 26 28 45 80 7 6 74 82 57 77 74 74 55 94 24 16 37 
73 30 75 77 1 95 19 72 73 6 74 28 10 41 38 20 17 56 29 61 69 4 43 12 82 93 77 7 49 28 75 77 48 94 11 42 30 38 70 26 20 88 68 53 39 44 8 53 18 34 30 57 33 13 68 92 16 88 56 2 14 15 28 77 
65 3 1 54 90 76 86 55 98 61 21 87 64 52 60 22 64 79 86 23 45 99 33 31 71 55 39 47 76 9 37 14 60 1 92 47 48 3 36 54 3 68 68 97 25 69 23 97 65 4 9 11 38 91 29 18 7 3 43 23 12 89 3 29 
13 41 72 79 81 49 24 51 15 89 73 60 65 58 1 36 71 40 63 84 24 9 25 46 56 79 55 14 73 49 58 69 76 67 90 50 32 68 78 46 11 97 29 28 32 21 78 54 24 67 61 55 94 21 53 85 75 71 23 55 48 36 33 69 
57 25 89 93 82 54 85 27 17 56 63 0 15 32 17 87 86 98 14 87 72 43 37 97 78 72 92 7 80 37 2 39 36 13 89 40 18 76 30 47 26 56 7 17 30 8 27 19 35 93 46 30 68 98 0 81 10 62 0 50 98 5 71 15 
21 83 39 23 5 31 77 20 70 83 13 2 12 54 80 2 49 27 78 57 99 88 80 46 79 87 13 7 53 12 21 15 88 62 9 61 42 13 10 64 41 17 66 40 6 28 80 44 59 92 89 35 55 7 47 86 9 41 3 95 26 98 43 88 
77 58 89 23 2 71 12 26 60 72 13 31 91 47 99 74 32 44 39 2 68 37 58 18 85 24 96 90 33 67 99 51 52 32 15 64 33 0 12 66 73 83 86 47 28 51 68 39 34 36 45 11 49 24 92 19 13 19 50 71 5 99 3 3 
30 75 17 53 38 98 66 32 69 39 30 63 28 48 12 23 52 52 57 61 59 77 35 80 42 10 37 99 18 74 76 96 9 84 41 86 53 96 94 81 73 62 39 24 96 49 11 2 77 70 25 21 61 32 37 17 93 54 87 54 1 76 14 38 
42 42 86 54 59 97 64 99 47 8 92 21 51 60 45 20 75 41 89 39 0 93 67 46 84 78 10 47 26 73 72 89 37 53 77 26 4 63 91 12 25 48 38 19 66 8 65 41 65 14 99 59 12 20 13 47 77 63 21 35 88 56 28 94 
51 38 92 34 47 72 60 3 5 66 39 54 28 44 12 38 55 59 45 20 63 29 42 25 86 32 44 10 31 55 48 7 30 72 78 58 9 6 27 60 28 47 22 93 86 26 46 93 65 88 86 54 24 56 88 74 69 73 76 63 93 44 45 58 
71 84 72 29 53 47 44 43 63 94 23 2 4 12 15 48 23 87 47 27 17 65 81 64 12 83 55 91 99 88 82 54 7 17 11 19 32 0 62 20 69 91 90 74 49 99 63 58 37 39 26 61 42 15 18 82 89 81 20 86 88 71 61 27 
28 19 12 18 85 89 55 72 25 39 88 80 1 75 9 91 43 81 1 73 96 4 10 68 50 0 56 3 65 77 72 13 56 19 2 16 33 6 17 77 85 46 12 22 37 0 66 44 41 59 60 82 3 34 79 30 65 95 85 3 17 90 64 89 
93 80 50 49 11 7 49 13 99 70 98 89 89 18 78 47 31 77 29 29 34 26 39 57 69 26 46 9 73 54 85 73 73 79 2 15 80 87 50 75 5 93 83 60 16 37 57 30 61 22 18 30 65 4 51 95 61 70 63 99 0 97 42 39 
87 63 48 92 19 84 54 67 42 31 82 16 66 37 34 84 75 6 70 64 50 61 99 22 35 46 13 18 40 71 29 54 66 49 52 88 57 81 15 33 38 19 7 21 52 9 6 84 97 74 25 84 74 63 58 97 86 67 14 17 5 3 68 74 
92 79 12 73 54 49 54 70 60 9 95 66 50 67 53 57 43 21 88 82 7 90 50 56 2 72 37 58 68 11 80 55 39 80 90 81 13 97 99 4 42 62 32 4 71 81 43 56 57 47 14 25 9 48 89 75 42 18 27 62 61 81 73 77 
81 81 9 60 50 46 65 57 27 73 89 91 24 1 64 78 76 93 91 78 87 64 52 26 44 51 78 52 35 59 34 5 9 76 77 24 94 70 61 8 91 35 7 34 64 29 43 12 70 86 56 64 66 74 63 78 19 6 5 6 98 63 60 13 
59 57 43 31 85 66 8 1 14 23 39 2 64 54 97 92 8 63 28 69 10 33 33 49 71 16 48 1 83 42 51 91 10 19 42 81 62 30 3 4 56 93 90 55 60 80 50 8 58 83 3 99 41 63 71 29 12 11 11 60 58 64 59 58 
52 70 6 67 45 6 41 6 21 86 55 20 62 47 6 67 49 3 65 14 82 22 45 13 42 23 67 45 26 13 80 82 52 39 16 29 11 74 21 17 61 33 83 58 9 79 33 49 75 14 39 75 31 83 71 81 37 67 15 57 0 49 97 84 
94 85 83 63 56 69 22 67 92 99 69 4 19 96 42 95 18 52 72 14 4 54 53 93 45 19 24 75 75 75 43 78 86 73 11 96 55 65 57 31 86 43 13 56 88 62 82 39 52 14 0 67 90 19 46 2 82 72 16 52 28 81 46 66 
28 85 20 89 65 92 10 37 75 85 75 92 45 16 41 15 62 55 67 73 89 34 15 54 0 61 97 60 10 90 22 58 92 8 91 45 17 40 24 81 87 6 44 32 50 0 99 6 13 39 46 57 68 79 32 19 47 22 22 26 74 73 63 84 
14 8 2 66 0 31 52 15 46 9 46 37 86 52 35 88 64 63 24 58 31 62 57 72 52 12 0 87 83 72 68 11 18 65 56 57 94 62 39 24 88 47 76 35 57 90 6 85 42 55 5 98 27 39 54 73 5 11 94 63 10 49 10 67 
72 55 58 65 33 61 67 38 58 19 47 42 37 48 8 33 69 9 58 42 68 85 10 26 3 29 64 18 74 29 17 57 44 63 94 84 28 69 56 63 70 57 93 65 7 19 21 77 75 83 82 65 9 26 18 31 38 73 46 27 4 80 73 55 
46 1 55 55 57 87 96 90 41 86 25 9 97 43 80 87 86 73 37 93 71 28 70 97 31 84 17 94 8 26 77 99 3 83 97 89 32 98 45 95 87 49 31 85 35 96 39 81 45 18 68 43 85 36 73 71 16 8 68 13 97 15 98 24 
85 64 25 24 22 9 68 70 13 27 43 46 72 82 96 22 39 82 5 78 20 87 65 20 94 76 43 26 35 3 64 74 57 9 86 5 47 4 41 0 85 27 98 80 29 29 28 54 42 38 66 7 87 51 44 22 98 17 2 53 87 94 51 25 
31 0 96 59 46 22 27 31 13 45 11 7 82 80 26 65 33 17 19 90 31 73 79 20 34 38 82 79 81 59 15 73 0 57 91 32 95 65 40 9 31 10 27 98 41 85 40 59 92 44 46 26 91 69 6 75 92 84 42 92 88 52 67 87 
66 54 32 29 71 3 18 73 96 58 24 50 93 2 84 93 83 18 41 81 52 31 52 41 38 58 14 72 53 55 96 25 6 54 62 65 98 22 38 39 21 67 60 82 80 45 83 94 85 67 83 76 18 98 31 88 90 84 79 18 91 62 30 73 
29 70 97 1 47 76 40 95 72 47 31 75 22 16 5 93 4 72 53 46 68 16 25 94 82 19 88 95 50 63 45 38 13 76 30 77 67 14 87 21 83 82 27 41 8 28 53 68 83 60 81 65 42 76 59 29 96 58 25 7 84 55 64 64 
96 16 68 48 69 84 4 26 41 55 46 47 70 85 29 67 26 4 77 41 13 81 64 72 10 50 22 89 14 98 60 59 92 16 75 75 94 38 23 60 97 54 63 2 3 39 79 60 21 91 53 76 21 68 18 12 30 38 92 86 47 48 81 39 
15 23 63 82 77 76 76 49 49 24 90 54 51 94 64 16 0 22 11 48 61 26 39 23 59 30 70 85 5 97 51 89 7 50 21 52 59 57 91 96 36 84 8 3 75 6 36 68 35 59 53 61 29 77 52 99 40 35 84 52 0 85 86 32 
6 39 0 94 28 59 43 5 1 58 32 16 71 35 98 83 87 97 74 61 62 66 9 34 55 24 39 57 13 63 17 68 6 14 88 60 10 40 42 28 2 11 50 73 6 49 63 89 6 53 42 14 4 13 78 26 75 58 54 8 19 81 57 33 
33 90 38 61 12 98 30 90 98 95 46 8 17 87 23 50 89 77 18 72 50 6 34 30 16 8 77 30 91 81 66 63 6 99 44 50 88 51 35 61 1 17 93 59 99 55 6 46 88 13 45 85 65 21 38 74 25 67 16 51 57 61 92 30 
72 2 5 7 58 1 59 87 10 89 34 50 9 87 76 9 63 92 47 91 56 29 90 87 84 21 28 23 68 39 74 35 13 66 94 19 75 50 24 51 99 83 34 71 86 60 96 48 43 90 85 78 32 84 34 19 20 61 84 97 32 52 86 32 
56 91 25 39 71 47 75 41 99 48 11 60 15 42 43 42 38 96 62 55 96 97 45 52 81 84 32 18 6 1 70 47 37 2 61 18 57 8 20 69 70 80 51 73 95 9 29 79 97 97 14 50 65 23 0 32 47 20 5 85 90 64 15 79 
68 22 18 82 54 89 35 64 20 9 45 99 91 57 78 3 36 41 89 67 11 67 51 89 82 17 61 35 51 70 76 4 20 20 32 25 85 97 51 36 81 98 10 34 50 58 22 42 36 97 84 21 9 78 14 98 14 10 23 20 50 2 47 50 
67 7 0 91 34 62 9 75 13 44 24 22 9 84 28 28 27 5 10 85 23 18 9 12 95 71 44 31 10 86 70 38 40 84 85 33 71 75 57 0 12 1 69 66 4 7 57 78 99 15 47 55 14 72 43 93 1 1 90 21 40 73 38 38 
59 94 7 59 53 55 95 43 70 53 17 39 70 74 17 6 74 26 23 86 98 84 70 11 56 39 31 34 23 54 94 28 68 29 47 97 79 36 23 0 19 46 18 61 55 75 71 70 38 59 91 95 50 30 31 36 48 97 50 25 92 23 24 39 
83 46 24 2 75 56 92 55 24 51 62 83 64 52 61 93 53 68 78 29 82 13 69 66 78 60 80 84 62 22 46 51 72 76 46 91 81 88 51 73 75 53 60 54 21 71 21 55 97 60 80 61 51 11 27 80 80 28 31 8 26 17 89 56 
19 48 34 51 34 32 44 64 25 34 17 13 57 38 20 68 84 28 30 43 97 27 80 87 83 95 62 28 95 82 13 82 32 13 6 87 29 24 11 78 62 98 15 82 21 30 94 37 96 11 59 27 63 56 81 93 15 56 45 74 26 54 86 2 
96 67 12 99 83 12 35 2 3 52 4 90 20 51 38 76 72 14 87 68 38 0 2 63 21 16 69 46 43 81 91 75 49 91 4 35 44 68 46 48 38 16 36 80 23 13 10 31 27 88 63 79 97 93 59 74 75 93 69 94 65 67 78 84 
20 28 12 26 23 44 58 48 28 30 1 62 97 56 28 49 59 93 1 63 45 92 35 25 70 42 33 24 68 40 77 71 33 30 10 13 52 28 39 79 46 20 33 49 59 76 97 54 67 62 55 13 69 9 67 60 59 84 5 76 85 71 80 92 
16 2 85 27 0 87 39 7 46 79 99 24 12 92 68 30 3 90 81 77 38 60 59 11 92 26 70 40 76 82 89 29 50 92 58 37 55 63 4 98 61 13 63 96 93 30 71 42 50 42 65 90 71 77 83 70 79 45 43 22 60 31 34 39 
33 55 32 47 32 58 72 59 60 41 22 61 53 45 32 72 38 9 9 81 1 12 75 62 98 0 29 18 58 96 16 39 26 55 63 88 91 13 25 94 81 0 87 67 9 0 88 58 58 15 36 42 35 61 58 29 71 67 2 73 45 39 19 32 
46 68 3 93 30 41 31 23 90 21 22 93 61 44 3 79 34 5 39 65 94 87 57 69 36 35 44 3 17 73 19 78 23 63 16 42 78 92 60 98 41 16 28 4 4 45 92 43 58 66 0 49 30 64 20 45 39 43 54 4 16 3 47 97 
43 4 67 94 38 19 70 64 84 14 0 95 82 68 69 34 46 75 21 34 70 50 27 29 78 28 69 23 7 3 1 17 16 34 27 14 51 42 70 51 74 15 2 19 52 59 8 52 30 91 2 82 98 55 57 97 3 41 51 73 97 2 67 62 
60 49 57 90 32 96 60 89 50 53 94 8 90 19 26 22 26 26 89 47 56 33 71 74 29 62 54 42 20 36 34 33 89 78 3 81 23 95 44 49 58 74 57 21 83 3 46 22 22 85 36 49 85 49 97 50 7 96 26 57 72 0 61 12 
33 68 91 8 96 10 73 87 49 18 74 95 55 41 46 18 6 20 58 30 39 55 95 51 99 38 5 3 38 44 13 93 47 75 1 47 8 64 0 83 6 4 21 10 0 84 80 85 54 93 63 12 42 3 9 64 56 21 29 75 37 31 35 51 
14 8 51 33 86 27 81 82 87 52 46 69 47 79 97 47 99 18 80 87 37 97 66 81 78 12 37 50 66 24 53 54 84 74 35 75 7 77 84 22 79 83 22 33 99 68 77 8 99 63 8 13 33 21 55 30 40 20 69 88 81 73 99 75 
96 82 88 13 79 83 28 17 94 4 80 26 85 69 44 45 39 67 67 43 49 95 92 7 32 31 2 53 53 20 59 64 61 99 66 94 1 26 99 22 56 36 64 47 60 23 41 40 55 78 6 8 18 26 25 9 45 16 27 60 26 18 67 59 
1 6 10 43 73 56 47 21 93 66 83 97 49 23 41 87 55 53 80 26 47 32 89 30 67 60 72 98 93 11 52 79 63 17 23 52 56 98 85 30 13 50 64 12 35 67 32 21 72 31 81 74 81 95 18 32 54 5 54 74 26 31 18 64 
35 95 73 8 50 16 0 18 44 85 55 11 64 96 2 82 4 16 25 40 67 61 34 90 34 95 40 37 28 54 81 98 45 73 17 92 50 45 58 67 86 78 52 67 20 34 78 54 25 81 57 71 82 52 85 80 87 1 78 71 28 76 76 37 
48 82 42 80 57 95 41 79 99 38 44 68 36 36 30 73 61 33 8 16 62 77 9 58 69 59 84 11 69 93 0 5 58 79 92 87 58 77 22 21 7 24 94 5 63 88 16 88 21 57 18 62 74 20 96 5 72 6 15 94 56 56 93 51 
14 86 3 94 38 98 9 89 14 4 10 71 70 93 53 57 70 8 63 15 22 57 28 11 40 93 34 68 28 31 67 82 84 26 12 40 88 72 97 39 0 23 13 73 69 78 28 70 10 35 44 13 67 56 15 18 61 88 57 97 86 73 93 38 
68 12 1 18 97 49 76 39 81 76 70 89 15 33 79 54 15 17 84 0 53 13 57 45 96 72 64 60 17 17 97 67 78 51 93 36 52 30 84 50 49 56 25 16 25 72 16 97 55 66 92 29 75 20 72 8 79 85 64 65 10 84 97 77 
11 88 85 58 10 31 66 14 16 2 82 5 14 68 64 8 48 91 74 68 22 52 62 15 31 25 40 42 96 42 34 40 21 18 99 79 30 24 25 85 51 50 98 66 30 25 7 45 73 35 12 37 5 19 28 98 8 95 61 1 40 39 39 77 
17 37 58 92 93 5 75 6 12 69 16 44 31 55 84 86 33 79 1 47 61 55 62 82 35 80 33 86 2 95 22 78 51 66 18 64 55 22 2 25 72 26 16 42 2 6 1 53 26 58 50 38 81 81 28 29 22 54 14 71 41 62 57 85 
15 4 52 8 55 75 67 78 4 34 63 18 6 98 80 44 3 96 77 48 86 18 93 77 18 52 87 14 69 88 61 41 41 12 23 32 9 48 62 42 78 8 52 29 80 87 54 66 92 14 36 23 59 56 22 1 36 63 57 59 63 9 34 86 
82 33 55 67 94 80 15 55 99 17 71 14 35 65 58 7 16 83 87 88 77 44 91 73 74 14 10 36 39 37 55 57 92 23 16 31 34 53 97 23 56 59 56 51 53 31 50 44 25 76 24 46 63 62 56 82 65 86 33 99 96 31 74 96 
