16 16
43526 36001 35101 48833 44906 43878 47703 32909 42510 43398 35976 31925 33040 42275 42700 39436
52839 36871 34921 56776 40536 44184 48100 31797 49889 48396 41246 42099 34120 49484 50077 47215
40180 26889 33038 51276 28877 36564 38263 23131 44009 38396 36325 32782 27581 38052 35469 41737
44700 33735 36626 46647 40549 36553 39872 32804 40511 37865 36572 27125 32004 44114 40588 31670
48344 28960 31665 54662 37310 41320 39332 29909 43711 43441 31815 32068 31076 50050 38649 41258
50224 33928 39495 57548 46371 43869 54076 31062 47798 49123 34086 36789 37893 46982 49251 42013
51199 36309 39963 58528 38959 45508 47180 30940 52091 44279 40651 41098 32696 44333 49466 45307
41233 24518 28762 46982 34520 41699 38857 28933 39235 42468 30393 27341 27500 39290 37934 35719
45843 32986 36505 47321 38970 44863 44184 30705 39470 38924 35136 29752 27405 42185 41453 35218
37483 32418 37342 52951 37134 36200 41276 28616 37295 39387 32791 34387 38219 42304 39846 38274
41826 37011 35445 49483 37155 47659 38956 32223 42633 39295 35437 32523 26860 41184 40335 40706
53340 32074 36435 53301 40685 41168 45778 34707 51724 40747 38695 37339 39966 45322 50974 39954
47477 36475 41190 57964 47358 51576 53532 37876 45556 51248 42403 32578 40244 49819 44788 45767
46114 35221 34309 54326 40962 43936 50811 27847 44367 51459 37643 29056 29056 49427 44170 39846
45793 29171 41905 59127 45065 43372 41144 31789 42309 44838 30182 28817 31761 47868 42385 36722
40983 23703 33604 49460 36111 39331 34098 31994 41275 36567 33073 28959 34512 40075 38224 32770
