32 32
65048 80810 58157 81557 84452 80639 85865 69676 73994 76643 70916 85023 72745 99045 73788 75948 83818 89733 78328 94075 76755 66480 82481 80786 74377 84471 92410 74842 74058 84367 64689 75283
76067 82092 68270 95819 84179 76347 92558 75677 79610 84461 69127 100157 83219 106895 81084 71966 103634 94565 92239 86267 90975 88518 89120 79767 74451 86449 93480 90034 87360 93585 71068 85774
70358 79361 64059 93088 79973 72667 82598 81134 79224 74655 77200 96387 78001 100595 79185 70036 86491 93003 81773 91038 80627 83173 81089 73284 71986 80275 92356 88798 85414 80088 70196 74914
77916 86646 76370 102536 92145 80903 97025 76164 85735 88996 78941 90300 78045 112811 92473 74530 95969 91723 93479 102138 88335 94749 99990 76663 74551 95905 101457 81952 79948 94562 65690 81061
61043 68502 57065 70848 84034 77439 78809 65640 71069 63108 62414 86723 73514 84593 74942 63775 75550 72608 69654 77362 70112 64822 79836 75750 68114 81401 90589 83784 79666 72932 67085 68425
60842 77821 58850 85431 85401 71390 83000 69764 70434 77423 70375 86222 79519 100391 74882 65940 89826 82809 73412 96388 73652 69266 94744 78337 77848 82565 84047 87059 84420 81777 74246 87973
75358 78973 69322 92002 80852 87956 85914 74716 84744 79001 71725 87869 74431 101131 84204 72418 90372 88549 86595 86522 86892 74973 84879 74025 70279 88240 94953 80347 77248 88073 65316 67256
66105 85171 64800 79556 83153 73253 86299 60887 79722 71308 67224 86813 75102 99233 73786 66856 83131 82246 84192 91207 82460 76926 85279 79134 66073 82674 97178 72021 73520 83063 67744 79064
70430 81049 63622 92542 79017 67584 85194 64925 82620 73769 63547 90138 83309 103853 85515 69154 89876 88532 84019 90139 77254 80778 87017 72142 70406 82820 86482 76709 79659 90176 73838 72538
57590 73903 57987 87824 72072 71394 72663 66829 72211 76269 59913 78197 77559 99085 75822 65851 74890 74377 71472 75394 82135 73174 80259 56715 61197 71149 74209 71345 74481 80355 64362 68140
66287 70483 63407 78713 61462 66525 77140 66767 67339 67821 66991 77149 54237 86788 69471 62951 77446 81707 71356 77586 71700 71756 68707 65590 62115 76422 83623 67737 66455 72325 53547 57033
63507 76405 60888 76395 86079 70613 84144 66298 75973 68306 64132 90344 78842 97144 77422 65342 81596 77388 77130 86668 70620 75122 88943 74548 69086 76381 94572 77547 75950 81913 62724 72956
66994 72396 57913 77021 75113 76829 75289 76208 77784 65831 62263 83494 66629 81206 67677 61545 71827 83243 74951 73049 82660 62286 75049 72776 58536 78892 81058 67952 65785 78229 60631 67387
63580 90860 67696 96434 90712 85872 86730 80849 91101 83976 71022 98123 90884 107848 98811 79200 94208 98079 96153 94901 96116 87161 99688 85704 88067 94241 96623 91624 85011 92074 78643 89529
61937 69837 61165 79440 88781 70983 76037 71316 71069 66245 66098 88173 72683 90533 77395 59724 76019 80618 73585 79799 76714 75708 80941 76577 68548 78860 80783 76790 70300 73976 64570 77682
60922 73324 53723 74952 78239 79877 77538 62202 69249 69841 65013 87021 67685 89645 75539 70580 82967 81355 76404 84724 72547 63166 87339 74049 70193 78060 84963 69381 65381 85605 62184 75520
71082 82813 57189 85811 81764 71686 85668 69644 78180 74127 73257 88715 74553 97237 73343 67967 92616 87253 81752 93781 77650 63186 82858 74012 71638 74152 88029 84428 73251 89584 65232 74961
59127 81425 53002 83127 74086 66686 87521 72281 75709 70454 67457 77242 70914 89246 74765 64343 81691 88692 80722 90627 69936 73586 81024 72477 63036 80274 92954 83164 72906 87449 58941 69930
61311 70494 58456 75195 72844 61029 77569 70447 64798 70373 52875 83137 71677 91297 73572 55861 78054 77717 66685 78950 67535 75502 81419 70239 62582 76638 68930 64702 68081 83051 64997 70717
63770 80569 61561 85501 70269 70818 82763 62729 66148 75023 64483 88450 73267 94692 77577 66679 90697 85380 67899 85010 71348 75353 81527 71217 73166 83702 77894 81701 78298 89307 73368 71460
58187 79110 47758 75365 81337 75770 82068 64972 72526 67679 63011 93525 67577 88154 70169 64311 76940 70781 69860 76561 73325 60610 68323 72710 62655 71628 82746 81159 74183 77312 63588 72416
71777 90916 56666 84724 82462 72986 86984 71812 80606 78216 70836 96869 79197 103303 79256 66877 90766 85784 69477 85988 88469 77798 78494 73465 69054 80502 84288 82810 83788 86927 73950 76764
66431 73364 68247 92635 76746 77879 86168 70550 77857 81050 59525 83901 79201 93190 82976 67723 88055 86609 81716 83516 81950 86984 84276 79640 70709 96575 90641 84897 86911 85891 73731 74646
52652 63585 45372 64136 70259 64289 70854 53073 58239 49901 58574 75953 65959 74394 61833 56001 72185 73851 58895 69365 58970 56756 66121 63049 62487 70000 71754 72021 67195 63612 61642 71088
75798 88213 60689 88876 80888 70895 92981 73088 82314 80291 74641 93894 80705 104684 82831 69399 90318 97519 81049 97542 76808 76214 89272 75593 76752 80379 96672 91817 84042 92521 69458 75922
60989 80161 64047 87112 80870 73080 78414 65653 70224 75666 65945 81920 75996 95867 77350 60807 79996 72943 67543 86594 85124 80773 86428 68367 67557 81414 85383 77712 79241 74573 71712 79418
39962 50685 52487 64586 53200 50097 56454 53385 55125 51302 49365 58528 54908 69268 60217 46801 58271 61196 64164 59483 54638 62513 59791 51459 49779 61933 65699 60365 55242 53641 44499 48562
54093 68096 50698 84172 75672 62814 71164 57842 78676 69129 64579 81007 71811 86888 67265 57106 74523 66972 69379 71959 73221 70345 74845 54907 63082 65741 80045 80130 72655 71169 59619 71368
60976 79470 53240 90514 84223 78744 81453 76166 70577 82817 75596 87755 81876 98843 80923 68331 97679 88096 76968 91610 81039 76881 94058 76351 84694 82784 80828 85184 78836 88345 74995 93427
68075 86867 66181 88821 70432 80379 89691 79099 81273 84152 67282 81652 73755 101686 85914 72682 84598 94450 87130 91324 83940 75101 94939 78678 70580 87428 88110 68869 73433 96284 66898 77189
59136 66488 57724 84572 71209 73115 75192 71720 72904 66716 70150 78852 69630 90142 71580 68596 77294 82985 86277 83012 70411 71059 79249 67807 62291 79628 88697 71414 71926 75384 59140 66734
61641 78322 52668 81760 81526 68013 89268 69941 77574 63833 65995 86477 67501 92129 73044 63298 78330 87940 77632 83901 63183 59274 79821 74259 70990 69398 90510 85498 71393 80721 56354 74647
