64 64
163666 158103 141938 177767 170641 181411 165268 158395 160547 163208 154093 153721 161172 183688 164819 178214 167385 168305 169318 172889 175078 172681 165036 176150 192239 153732 164132 139125 154905 169859 174202 172726 149351 151511 156291 168103 149141 171082 149382 155393 170397 155688 153905 168681 146284 149880 158340 183798 173251 182568 161927 171317 173193 156272 172611 170921 159830 162140 146524 189914 158639 175303 179664 180109
150944 149320 129722 158815 155436 178379 149882 149927 175906 150945 153420 148722 159494 172531 145202 166747 150535 156578 153889 164557 163730 155988 157792 166643 177773 130473 157228 134119 160908 159045 163321 151011 142097 153229 135862 163338 157273 173834 155063 152059 153335 155211 145023 155913 143070 142068 155663 164442 177762 162794 149886 170833 160158 145484 160754 162469 137028 156452 139548 163243 137359 155085 169343 162879
184584 179806 158241 180347 186454 201678 171736 187633 187685 157489 184622 180253 184278 186661 174418 194767 173727 177779 179430 193281 174024 179689 180108 190718 201438 159946 170492 151386 178265 179850 180338 175235 154470 186788 170642 190804 183177 204071 169411 166891 176126 170672 168055 175415 165101 163283 166956 189769 195453 203301 173476 198456 182440 178803 167424 185012 162404 156092 149721 191481 180116 167065 209817 189533
146172 140220 128637 155504 157184 160648 150625 154436 152798 134461 140563 140590 145619 170957 147355 154047 138143 144870 141116 156032 145511 159005 153158 157242 166792 140964 136867 144704 136779 157050 163829 162339 130062 144275 140073 153156 144965 156229 150068 134945 152362 148309 136347 142616 141884 145051 144287 167625 162846 162402 142794 148927 148371 141668 133387 150887 143137 140397 134459 160377 145741 164395 159107 168528
167613 179039 141165 182335 186846 184867 154134 160784 177103 175719 181806 170928 164839 200887 175311 173143 170592 166640 176787 190016 170632 169658 168666 179617 197003 144131 170336 137761 169124 170237 196782 181387 163128 167161 159262 171672 156481 189650 161951 154074 170850 168971 166266 167865 150917 140141 171888 172623 176554 182752 171783 182181 161464 168217 176333 174927 162465 163606 151605 188586 154501 184883 185236 188754
147494 145516 136587 167513 151223 167920 149638 139983 153799 155479 152560 128836 147491 161553 136016 172012 152296 149680 152118 164581 154621 147058 153824 154740 162529 140168 144906 135943 160655 152904 158374 161275 138585 150874 140070 164603 144051 162170 137520 142361 146085 142888 142499 152114 124778 133040 139710 167061 163721 157669 141817 164501 156632 143010 141904 169801 147316 158657 127460 164242 141910 151109 176741 169317
160533 150091 122947 169295 177540 170913 148795 157781 166694 161449 156832 160018 152950 173059 155170 175072 151829 162298 160896 187387 176080 160543 156203 178010 169329 149547 162475 141634 151255 155333 178796 176796 131099 147347 142464 160498 151638 179834 156867 147074 164802 167560 136694 162067 143771 141940 154888 166646 170003 172982 160097 173415 161761 165505 163599 174492 158151 148188 154561 165251 157727 166589 180208 168681
170810 181411 154357 170750 182544 176786 163799 159381 173836 178252 164326 165976 162115 184739 164481 197748 170557 183434 173510 188521 177357 173570 169904 186561 186495 159442 176555 157701 169698 162316 185535 191693 145826 172261 165365 182075 156374 181355 159615 161037 187065 169518 159730 173738 149538 159590 165579 177272 184015 190704 166072 180911 177689 156542 174206 179130 164300 159349 142569 186126 173137 178553 193336 181595
150412 162918 126969 156646 132009 161097 135960 144945 153001 137957 140410 140497 154966 158728 141653 161272 144266 141285 137732 150713 152019 153286 143463 152988 168892 135096 147081 117924 142566 150819 159033 160415 136211 139603 125107 155591 148475 159489 128550 137412 138699 142057 146178 140201 130333 136703 142436 160347 157179 162894 140379 148184 154631 129107 146276 147936 150914 147390 126463 164152 135191 155954 156715 157743
155733 158004 135999 163482 170602 173687 147147 163205 164574 164636 165580 163075 144816 179199 165623 166036 165715 168706 165882 179319 165222 158915 161931 180761 189103 149612 161845 127330 166013 161168 172368 174514 137398 158792 147090 157538 151976 182564 149698 157047 156592 161813 141263 158065 148323 139495 160324 157289 174810 171649 165956 161500 155970 157892 160603 178714 153677 149086 150120 170815 151159 170388 175697 160796
158856 162147 141590 171959 168078 189076 156573 168235 168042 159150 176475 172735 166068 181010 174452 161598 154010 166839 178785 173729 171460 153049 173664 163558 187546 143709 176137 151128 164988 165233 187996 178888 142004 165846 146736 163226 152345 182063 163763 167225 162556 161202 157756 160494 161368 154537 161703 167855 173713 175462 165390 157445 159233 160892 163985 179481 160245 170625 150410 185447 160456 174256 186784 181105
137591 129882 118016 142114 147884 158824 138132 152630 145394 132039 140568 134695 143143 156140 148468 156262 138509 142335 138507 154340 147269 137726 151780 149581 163975 122602 145225 130003 147717 141917 153482 148669 119189 134476 133872 148862 141509 155420 133504 123827 150124 142248 127727 141470 132939 140133 133160 147792 157652 138913 137026 146917 143113 139477 139290 143444 137920 133702 119903 142249 142073 138430 157490 151742
178659 183806 135234 177517 174493 171850 150328 161663 181618 173615 164102 162378 153604 184091 157186 183092 160659 164878 163415 179356 174488 148432 163033 175738 192060 149700 165146 141201 156448 161968 183888 180976 153496 173503 152452 173864 169965 178978 164876 146381 161505 169177 162138 173414 141582 152729 156878 175725 175113 182423 167479 196592 178587 158404 180170 188991 163022 168812 147184 180022 152813 176423 180969 187578
142706 140744 120742 148978 151533 161129 136439 143237 153061 146494 147719 140666 148875 153536 143517 156067 143965 135433 157312 157948 160419 143184 150030 156729 169599 131589 141881 114170 149749 141698 150598 144541 129595 142191 147916 159959 132011 155950 124473 140158 137557 142218 139381 146162 118292 136586 151624 168820 151352 156575 153984 157928 136364 138694 157117 155476 139566 141061 127138 151348 137148 144391 168053 161184
165192 174626 135424 173177 167408 172400 157144 167105 168829 156590 160120 153060 151039 188292 163090 170242 158605 169126 154118 182827 173292 166252 170009 177528 184304 155054 159433 133633 157168 167729 176192 186758 140923 153665 147143 173065 158554 174243 150154 153739 174378 165198 161844 159386 149296 153723 162166 170536 175909 180892 159307 175048 159634 154498 161072 178649 155479 156398 143857 180198 152224 168456 172972 178013
159544 162801 120131 167721 173617 171516 147048 146216 171592 169277 159548 164488 170603 172227 156278 169854 161579 161815 165711 165939 164958 164912 156783 177572 169487 152516 153653 147614 156503 160635 183829 165597 152454 147768 144466 158194 154306 175565 152675 153759 154137 170085 152093 166504 140380 147754 161539 179929 159468 168769 162265 172936 164173 151193 169180 164111 154318 156800 150649 186463 140414 174706 176191 164806
164339 177797 151741 170190 161619 171124 151727 166617 176045 165541 147505 150594 155385 171314 150903 165418 159755 157822 155954 169680 164698 167024 160935 162051 184596 145769 155261 143325 151923 159596 165937 167645 150021 162022 145338 166276 155743 163914 157226 141171 152885 161348 153788 175003 146396 141581 158875 175832 177125 179251 158794 168639 166723 146470 154845 174906 167196 167581 133976 177020 162643 178813 172004 178040
160973 153032 145235 175633 158630 186041 146362 160734 164990 140425 146023 161318 162189 184704 162911 161818 161591 167615 164041 180405 165902 166987 157905 173811 182697 138278 163291 135670 156896 170673 166402 167304 137197 152169 163429 164891 156735 168513 148753 162600 166413 152684 156881 168202 148526 139949 153811 173514 176440 177187 155575 161266 156246 163962 159639 171083 148478 160347 153354 172944 171467 165787 178624 170740
172796 187995 138574 196809 165253 188596 165996 170043 194013 174140 175079 167567 169215 188007 173905 191401 184884 165620 174125 188097 179041 177315 162452 174284 185616 151835 178061 153506 165900 178334 186892 182379 146149 168154 162472 178071 169888 194723 163561 170680 166190 169451 165479 181105 165388 153330 164996 183400 190269 176734 162716 193400 175453 166905 183548 191845 165399 167313 157383 180964 157547 191820 190426 178309
155816 158793 138393 163702 169432 164668 150875 150356 163565 154480 152637 156704 159178 177200 161063 177083 161830 165981 147436 177799 170652 166481 161719 183837 176622 148994 154938 131418 154462 159382 166659 177490 134489 159035 146170 162937 151391 179509 147354 150607 158325 160770 142776 148481 145053 145584 149032 171893 165367 178100 151870 167769 166279 142105 162146 162599 154316 145308 147601 182321 149921 159270 183968 165647
160738 153500 146072 170845 154726 168815 154120 149691 164174 151182 156893 152121 151774 162878 147615 149347 157613 163703 151883 164873 160810 155654 154497 159060 177681 143229 158453 125605 151159 151381 169002 166456 136832 150356 149195 144467 141496 164733 149755 160083 152267 166791 147028 161041 147626 129656 147240 163246 160919 169687 151929 157645 154955 144005 150492 170506 140097 165907 140698 168558 147467 160959 173889 169044
147813 137183 131781 170073 148082 164853 131198 142466 154007 144810 146367 159161 160019 168714 146738 163277 147909 150814 146976 156862 152345 149096 143939 159318 173691 131481 158009 133044 145898 154596 164229 158797 128162 139682 137532 143781 147392 162351 146390 147084 148269 162387 140696 148051 120560 130325 143308 165594 149152 159247 150376 159567 137320 144247 158311 173280 145812 152775 147605 146295 127758 154010 149701 161304
171471 168602 142979 176273 171567 188050 164640 159635 169977 151699 154023 154857 154728 175920 158059 183694 165086 165991 152776 179230 169874 160986 162365 179580 189774 152299 168403 144061 164484 175611 174395 171366 133017 166647 162925 178063 163040 173379 155292 156171 169301 164793 159547 164970 146606 149551 149759 175588 185553 185130 162252 177809 165524 160678 164754 179342 148999 159415 143623 179346 157753 172266 175557 177742
146871 138121 127460 145797 152563 160321 145867 145097 135561 142930 156283 153039 149944 156247 150800 156241 140846 157728 151624 147986 153661 136899 151876 152018 169788 139062 153361 129455 132674 136485 164938 146199 134566 134876 134992 141798 135325 166152 146016 137068 152640 147485 130200 143224 134477 134617 130014 157898 154755 166619 161116 155476 156789 147917 149124 158422 142312 137055 129948 157037 144281 132698 166121 160188
160703 166683 138746 172980 168107 179710 147107 164761 163460 150419 164763 162499 172750 174838 169449 181166 163111 158607 154113 175721 160448 153546 161692 171193 182733 147091 163631 145876 165173 172301 183110 170667 126266 161102 152923 173386 161129 184484 159426 143357 151640 171405 151465 157622 151366 157177 158433 183766 175680 174128 161218 173618 151936 153690 169842 178967 153281 149575 156610 178846 156984 167041 174257 157688
155652 159564 143788 145626 162401 179361 137520 158142 177541 152656 151782 154434 135630 157506 138861 140503 130246 156719 152955 146745 157874 145745 146550 158383 173167 125844 159986 124237 146048 154916 165047 148123 139319 150628 129850 145677 143601 151924 151841 145716 150884 159064 140520 141625 151642 144014 148800 158716 158321 178632 142998 153829 157038 132638 151500 150579 148712 157902 126732 174415 147638 158563 166986 168718
145526 138464 131154 150750 148405 146437 131757 139931 139251 129605 136449 124718 140311 170881 145688 143841 134424 139172 142980 144715 136736 148893 148155 150012 163666 138199 140255 127997 138638 132849 154683 160423 133870 135124 133749 143481 130490 146501 138677 119495 143217 143691 139596 143179 129483 127730 130102 150440 148541 150166 141995 139375 145825 140787 141544 144481 130660 149302 120669 164720 144728 156941 159267 156638
157945 160993 121974 150908 157098 168693 150087 151339 168020 159392 150792 151540 139137 169679 160647 163441 159114 157702 164556 170153 168963 160441 165378 158890 177682 133714 157157 131287 152242 150804 181266 172913 131457 144857 142147 157729 142434 168982 150105 150814 163157 151898 153255 154790 143418 149629 149672 156108 174717 172354 160119 161379 152442 151734 158967 168772 159617 141348 138812 171508 142470 161696 171217 167543
164555 162387 144977 170169 174810 179688 144632 148946 165649 157651 154277 147552 155451 169674 145327 163285 146341 156220 164814 159190 161277 165197 165426 160074 177859 148412 152390 139174 143782 154782 175520 180807 146095 148053 143107 158778 141568 165140 151153 137485 148347 152804 139614 153029 138917 145826 147668 171681 155259 181025 157963 161510 167716 153447 150176 162090 168033 163951 127211 179134 165826 153228 177755 174664
157730 167032 147466 165441 166888 169662 152601 167716 170352 157993 150816 148094 154000 184620 162075 173493 163954 159329 162505 179437 167413 159085 162433 172469 196097 143514 158516 138907 160803 161147 176726 171627 134592 157678 156778 162339 156152 166053 152838 156323 161407 154220 152731 170750 143464 148008 167964 181335 179857 178072 164686 173411 163401 150722 162223 179560 161875 167874 143201 190347 173237 172066 184967 179132
151703 155741 121138 142611 169237 150969 145590 141463 151406 147155 142214 156308 144652 159031 150306 165088 150143 153230 152438 150237 155596 147058 148080 156626 169280 134250 141783 135817 135613 146582 172794 159927 133665 143955 128503 149115 145236 155279 141118 131468 146061 150066 136926 146134 143181 142829 141079 157305 164269 166273 147463 156985 147486 146447 140304 148713 144610 136596 136324 174167 148644 161723 165182 163181
136450 133800 111026 132189 121450 144647 122889 125171 134758 116694 125664 123522 134915 156894 129453 134353 122342 128480 128969 142981 137990 143371 137379 141460 152330 115966 128206 114867 127637 124872 151807 141845 118493 124253 111713 141629 129130 142682 120668 121283 142505 132594 127734 126555 123305 121489 125385 135032 136886 152992 129498 140884 136457 129956 137336 129412 126392 128129 125114 156210 121515 136092 136320 135500
166228 163892 132810 156243 169385 161369 153985 160143 154412 166508 157667 164222 150106 181695 169602 171392 148330 160069 166144 168291 164935 151621 154689 169561 189377 139846 169214 139958 160397 162271 183531 159142 133386 148068 151436 153442 159276 154375 151045 158838 179298 161331 137701 161259 136512 142146 168566 176390 172701 182336 162176 163115 159341 163343 161693 176449 157542 159016 141084 171157 152870 184721 177489 166027
137173 148974 121441 153636 161151 158696 138233 135168 153751 149567 143270 158678 160337 172844 142473 165370 148269 156277 151463 152021 149962 161277 148276 163598 173515 133657 140296 130455 145089 148448 148800 154934 137668 139663 147934 152214 152179 162845 137824 148820 148627 139662 144435 150904 129315 146278 155941 171238 150295 162493 143339 166082 150147 135343 157015 147602 142172 139631 138304 175694 140938 158572 170365 163642
193026 179797 153020 177608 201886 194448 172241 175115 192190 186706 177881 182746 180903 190586 179102 208502 175888 187416 185884 191549 195510 184256 186545 197485 205356 163496 183380 147915 183064 180769 195890 190208 158813 167612 161516 183088 177066 191397 169836 169196 184602 184802 170913 186365 151700 175777 182412 201250 196777 201827 180552 195980 179151 175203 189677 193783 188073 180285 163128 196937 172747 184071 213919 197139
161353 158445 143353 164041 162929 175923 144355 157692 175785 154534 162309 165662 151463 170107 160257 166129 154897 171293 157112 163960 156932 154343 159198 162050 191054 141698 163318 125111 154691 161846 169619 166306 135980 157039 142816 144901 150531 169558 155475 156837 145225 161956 157622 162556 150425 143311 158480 169086 165868 171929 156044 175566 159759 142458 175821 175877 153139 158830 142277 177810 151831 164898 165661 167739
145854 149249 131351 164227 159191 177239 149180 157732 160207 145872 147167 150107 141348 176169 140069 155185 149913 155366 146216 165441 161049 159505 150134 171495 177730 146831 149153 122271 144979 153945 161048 162776 135421 146760 148528 157310 143941 163108 141347 154765 149821 156275 144345 149319 136227 127010 144374 166816 156403 161697 152680 154249 144927 144044 158372 158605 141842 149123 143906 163155 147716 159148 164455 155615
162834 170680 135351 173689 173736 184102 159099 174388 174703 154575 163612 171411 174386 182648 157146 179068 166717 158499 163079 181216 170903 165776 170115 176415 193682 153598 162449 143160 156563 172529 179465 171766 153361 159061 156961 172412 166440 177733 161529 153540 165823 156130 163198 152821 138937 146580 165244 183883 182509 168671 165642 173690 160919 157716 173283 174713 158978 158579 145828 166917 161055 171549 182137 181466
147644 170310 148468 169957 156752 170064 153891 140334 166054 147447 156514 151962 148282 162104 149362 166513 156579 160114 150130 170592 162297 166520 148128 159383 180484 147466 158993 135602 146874 164459 167311 167985 139034 163413 144018 163261 140570 171051 151034 148933 151672 143580 165278 152389 131157 130391 142405 167846 169254 177566 153011 170280 154500 146989 163699 171479 154709 153768 143003 171344 145275 165639 177619 177991
158752 149189 148024 166492 171402 177814 162615 157840 168732 161211 148156 162061 161351 178427 165446 182660 162279 168432 160901 177649 181689 175509 179241 177771 192050 156211 168368 139913 161785 168264 167142 176008 147590 141467 146698 170698 158670 164571 143423 158212 175654 158614 145397 155372 133580 150205 169980 171752 180137 181393 166588 167904 158943 163694 152972 171189 157654 160882 143055 170061 162321 160328 180565 183980
173785 171188 142240 175569 170141 185504 158863 160848 174834 166344 155517 166154 160546 174628 168521 173369 175955 167883 166311 167341 172857 169958 161781 156867 191999 154339 170186 136616 147235 163516 181051 177070 145055 161522 163020 163678 156014 177953 150511 156173 151646 156007 168604 174010 158025 152078 152156 181153 177482 184076 170850 179121 164567 165069 166674 172057 164405 157604 142992 181348 160668 169408 179857 175658
166859 162181 130508 179224 164740 191170 151617 169768 165000 143899 162494 161222 154315 175651 182285 156947 159705 163489 168370 174284 162466 165936 152957 171005 184119 146829 166436 134045 146940 161866 170533 156456 140665 155598 161224 164715 148762 183777 150110 143854 156949 158548 153444 156609 156251 156534 146952 172733 161703 182101 147925 161014 154739 154199 167790 159816 131334 137061 147312 171997 157270 165233 174442 157386
181788 168121 130403 177739 174306 172139 160513 158700 177740 164761 157903 169241 164000 168447 163250 164218 163738 162899 160102 181366 167522 168011 162629 161611 189001 151631 159861 130406 147232 163734 182369 169513 156042 159781 159191 164438 158290 168638 152910 149778 163494 169474 163746 171148 148077 146632 162671 173728 171611 184087 153004 175916 166732 158939 174838 179030 156258 160370 141480 183548 160211 169770 181681 180477
162372 169200 133697 161238 153232 165957 124247 143651 170203 140786 151639 152173 153618 166352 142189 149882 131382 134362 139793 148793 147579 149605 143591 149711 172530 126202 158008 120009 140914 144853 162809 168793 133028 141756 131074 148173 142189 166009 149041 142696 146756 160918 149779 147819 134584 138019 146965 150922 153983 162554 137609 156894 145826 140311 152239 159842 144813 136714 125431 164199 127417 158545 157426 161459
144736 155299 131990 156977 149115 165897 141286 158719 160237 130150 146192 142099 144630 168236 132565 164893 155903 148775 153097 165985 158558 162518 148364 165579 153078 141580 150981 119172 153989 139860 153990 160665 126894 150142 137386 160913 134224 171781 162262 133459 147787 156971 137060 145500 144691 144109 134372 159430 169551 164633 135142 153827 142357 128341 148911 158535 150029 155185 138770 157263 139155 141724 177102 173929
145976 157051 118905 142560 147404 148937 136341 146642 147431 132139 140379 148362 144211 149330 146031 163944 147795 145664 144559 156512 152750 146864 141674 150123 165495 129146 140829 120010 142195 137582 155511 150310 115462 138933 129611 144278 131768 148960 136169 132249 145508 149913 126081 143789 129379 130192 148502 154946 160605 162765 134404 157374 135433 127039 150562 154004 137672 134008 130164 152345 140893 156367 165038 151768
150176 158178 148036 174513 170586 184019 158328 168776 161309 155470 171257 162937 153303 181461 155053 178401 153757 155613 164475 189745 170123 157316 168757 183883 194370 154460 168152 130692 157861 168918 174791 179933 137383 171563 153537 166357 163277 192190 155223 163273 164114 159765 145866 149676 149473 138084 154822 175000 179540 188795 165735 172154 171729 164202 164917 179073 163582 160350 145865 176055 163630 158043 186230 180332
162287 162324 134799 159771 162609 170255 148838 154833 172321 150561 152515 145005 161471 175119 145130 163666 158098 150933 166518 172159 164467 167789 166714 168847 175134 139245 141962 134282 149922 156794 163419 163949 138811 145190 148110 173077 150063 163288 150645 149023 154433 161127 140266 165584 143770 141197 168931 177269 173730 171921 150941 172300 147718 154470 154433 168812 156017 157817 142718 172523 151153 152217 179603 165726
157319 142680 130099 159178 167967 161542 153416 151753 145042 137925 143845 149562 152238 183845 154350 167903 150605 154366 142507 170050 156598 160589 156789 170496 177374 143255 150445 134079 151851 161660 172287 160874 133429 155851 150928 158335 152151 157796 148627 140641 168018 151215 142379 150605 149779 136875 140486 176218 172112 180836 146612 151310 156196 155994 159853 158456 146219 150868 148077 182956 156110 172392 188280 167746
154929 154750 118766 149477 153842 158981 136805 141708 154065 136611 140949 144583 145503 163155 146856 149898 152424 149246 145699 161375 155000 162037 145595 149404 166163 135870 140085 114075 139676 138189 161189 155879 139730 128204 142387 142649 135614 145862 137827 148330 159385 142105 154996 150124 127186 124250 154577 154038 150847 168795 142975 150849 137191 147793 150596 146377 136359 143646 131203 160390 135928 162819 161307 165999
151712 163407 132109 160738 145695 168462 154858 152887 161460 134847 156336 160877 150867 162942 138990 151002 150073 160595 150270 170917 154143 162107 151317 154803 174512 134079 153585 132349 141462 162143 163446 160322 125166 152704 143516 149587 153866 168016 153266 144260 155609 154780 145898 149921 141946 137112 144083 160172 171305 167827 144061 167845 148069 135270 143338 171212 147539 143989 137939 158387 144051 156250 157907 163947
142813 155207 130970 157655 160333 170064 145341 152147 155170 148104 146561 144080 150182 155274 144343 162503 148320 165033 153107 166529 172518 144377 154796 166362 167155 139383 162222 130706 151329 146826 156951 158387 125001 146946 136911 160817 142799 167005 146046 138764 150467 161922 141032 149533 139485 152221 140531 158039 159156 169015 147085 160791 155808 139884 161264 168304 133355 149949 129541 160191 157351 143087 176466 160892
151242 147074 118933 153966 148122 156727 126442 135896 156586 138191 146319 146584 142667 142837 149556 149259 151155 149692 146824 155988 137429 149316 128826 157004 157269 124098 147420 124866 138076 139854 156395 148667 126791 133591 141907 141719 129338 168995 146002 122907 136518 156267 134355 137449 132215 134614 137678 139933 143290 153545 132516 142130 138373 122719 144179 141323 139586 128710 127984 150971 128611 149319 148635 149203
137832 151187 132968 150221 159875 164442 134595 143000 150038 150383 144227 144844 136183 167500 143108 139940 139028 153789 157127 156946 153053 153096 146705 162523 165019 129428 152920 122161 142389 149645 156107 150955 130868 131948 128065 136078 134672 162162 137750 143821 143363 153542 127164 142255 149623 137035 155420 148575 149325 172954 146388 159021 150077 141953 138338 152988 141101 146059 125626 174374 152710 148150 163451 154288
146860 166323 141687 162001 157796 159189 138224 146318 164684 154787 150178 157005 148721 151954 147880 176379 157840 141749 145268 154186 156821 152670 146136 160066 179700 142300 161974 117856 150424 146557 151967 157700 133961 142187 139820 149491 144835 163720 139029 141985 146352 152226 143421 142336 130307 126908 153943 153144 163854 167647 152244 164710 151389 150833 158514 164432 156293 149985 120747 167255 155551 158780 165695 167550
170375 160602 142735 165959 173084 184682 162194 153675 172552 157675 155498 157013 156852 177477 155693 165592 151018 163777 156954 180821 162664 165247 159572 165501 189911 136168 157264 145078 151765 167169 185286 172276 149199 149431 151568 178218 152420 164002 153882 153537 169533 165998 160607 165858 143714 141831 152193 166148 173071 181201 154726 167743 165891 167304 154168 168157 166119 146192 142954 174054 156489 168420 176679 178577
154566 162950 137371 167271 166874 166536 155835 139698 155795 141411 151248 152901 146639 160549 146622 160688 165054 157058 153645 167506 160312 168459 148711 157508 183497 144722 153951 126486 146709 154120 159876 160890 123417 146019 162280 157026 138093 167782 150495 147955 147327 152130 145608 153133 137622 132092 146099 170790 171466 180640 154152 162243 142450 140152 156587 170673 147671 148795 142197 167803 150176 158910 171477 160786
157254 151287 135074 166016 165011 172511 143551 160293 161799 144926 152337 154486 149666 171442 145556 166146 145594 143105 153093 170942 162335 155327 163926 165697 173938 141232 151116 125973 148990 164622 157974 167346 140715 162073 133374 161478 157011 177133 143567 146501 146555 146063 136431 145881 143874 142925 151207 165552 168360 176936 153198 163606 158074 152235 153275 175404 158133 156628 133836 167135 159136 149110 179611 172111
144716 146777 129958 163686 160685 167084 139833 135875 143752 130273 146353 135366 136939 157963 128055 153317 141248 146585 146272 148477 148386 160216 147787 152010 156893 137918 133891 116780 129183 152998 141878 169754 132934 131930 137223 150071 126431 153047 139222 131921 138419 139637 125929 123996 129546 119786 133038 155655 150807 162246 129113 139648 140514 131648 137221 142002 144506 151352 120710 158918 133816 146535 162028 159414
165989 157507 140355 162973 160007 180498 138667 154456 155995 152485 163229 154659 139329 175602 154712 168961 147367 158990 163004 163749 150613 142931 156277 162984 185404 128049 167006 133071 169860 166063 169083 166699 125443 155702 159214 164046 151113 161275 145505 147888 163926 161382 141533 162666 135512 134293 146719 168030 172739 167370 158091 170299 152214 154865 159603 161682 155467 160199 138612 159725 131611 161697 162954 161682
168259 171975 152438 174467 167172 192498 154561 157078 181191 168246 168192 152900 159598 173988 152950 173575 161389 173837 165147 166144 176931 158910 157056 167802 189529 155536 178603 144144 167678 165163 172918 174271 149048 172508 156506 172348 155276 180117 166380 161073 158571 169450 165223 179640 150535 154196 156798 174596 176988 178220 155799 181421 176036 154082 173901 183677 154141 162945 147848 180570 156973 171233 197786 169822
160621 165218 138271 166952 159369 171786 141893 152525 166165 166980 154692 144577 157483 174699 172085 176215 165669 165110 166423 169222 160879 166788 161698 170433 171160 145034 162339 152033 162651 166356 181410 179020 133720 155290 153781 164372 152901 173024 152214 148245 168600 161423 155728 166368 156948 150759 162936 161228 177647 164916 148817 161491 158830 161849 161754 160666 154289 156548 144898 178130 153306 182501 175610 162203
160308 167137 146036 165176 168358 177987 148414 161141 180709 154384 164844 154546 162858 182157 171690 180900 169733 183976 162741 178820 172107 171802 166886 175909 185212 149521 166193 144216 175564 160427 176434 167448 138173 153328 159263 163374 155163 168362 164482 150928 166751 173580 171406 164734 157871 146644 163104 175984 177833 181287 161053 180502 152308 151451 174724 175705 150851 163878 151333 187583 165365 182222 188595 174821
183757 188546 154677 187559 187170 197177 168590 177377 186496 185092 174570 164391 162514 192343 179449 188990 178677 179467 182866 189435 191764 179691 174144 188876 197983 168415 181711 147135 174847 184788 185850 191200 164645 166274 168932 189092 173023 192265 162479 167430 163491 187605 169690 182073 155544 165100 177342 189599 196997 193866 174012 184394 178634 159840 168910 182489 164099 177705 163207 194403 161879 194823 198255 181965
